Sample	0	1	2	3	4	5	6	7	8	9	10	11	12	13	14	15	16	17	18	19	20	21	22	23	24	25	26	27	28	29	30	31	32	33	34	35	36	37	38	39	40	41	42	43	44	45	46	47	48	49	50	51	52	53	54	55	56	57	58	59	60	61	62	63	64	65	66	67	68	69	70	71	72	73	74	75	76	77	78	79	80	81	82	83	84	85	86	87	88	89	90	91	92	93	94	95	96	97	98	99	100
ERR011058	(0.0, 0.0)	(1.0, 0.0)	(2.0, 0.0)	(3.0, 0.0)	(4.0, 0.0)	(5.0, 0.0)	(6.0, 0.0)	(7.0, 0.0)	(8.0, 0.0)	(9.0, 0.0)	(10.0, 0.0)	(11.0, 0.0)	(12.0, 0.0)	(13.0, 0.0)	(14.0, 0.0)	(15.0, 0.0)	(16.0, 0.0)	(17.0, 0.0)	(18.0, 0.0)	(19.0, 0.0)	(20.0, 0.0)	(21.0, 0.0)	(22.0, 0.0)	(23.0, 0.0)	(24.0, 0.0)	(25.0, 0.0)	(26.0, 0.0)	(27.0, 0.0)	(28.0, 0.0)	(29.0, 0.0)	(30.0, 0.0)	(31.0, 0.0)	(32.0, 0.0)	(33.0, 0.5)	(34.0, 1.0)	(35.0, 0.5)	(36.0, 0.5)	(37.0, 1.5)	(38.0, 1.5)	(39.0, 1.5)	(40.0, 7.5)	(41.0, 20.5)	(42.0, 33.0)	(43.0, 43.5)	(44.0, 65.0)	(45.0, 108.0)	(46.0, 164.75)	(47.0, 205.66666666666669)	(48.0, 280.2777777777778)	(49.0, 488.66666666666515)	(50.0, 613.3333333333335)	(51.0, 745.8333333333353)	(52.0, 747.3333333333346)	(53.0, 791.8333333333348)	(54.0, 2281.2499999999422)	(55.0, 4872.33333333344)	(56.0, 2183.666666666592)	(57.0, 685.9166666666669)	(58.0, 230.16666666666674)	(59.0, 88.0)	(60.0, 21.416666666666668)	(61.0, 7.0)	(62.0, 4.5)	(63.0, 2.0)	(64.0, 1.5)	(65.0, 2.5)	(66.0, 3.5)	(67.0, 5.5)	(68.0, 13.0)	(69.0, 25.5)	(70.0, 36.0)	(71.0, 56.5)	(72.0, 89.5)	(73.0, 105.5)	(74.0, 80.5)	(75.0, 51.0)	(76.0, 31.0)	(77.0, 11.5)	(78.0, 5.5)	(79.0, 3.0)	(80.0, 1.5)	(81.0, 0.5)	(82.0, 0.0)	(83.0, 0.0)	(84.0, 0.0)	(85.0, 0.0)	(86.0, 0.0)	(87.0, 0.0)	(88.0, 0.0)	(89.0, 0.0)	(90.0, 0.0)	(91.0, 0.0)	(92.0, 0.0)	(93.0, 0.0)	(94.0, 0.0)	(95.0, 0.0)	(96.0, 0.0)	(97.0, 0.0)	(98.0, 0.0)	(99.0, 0.0)	(100.0, 0.0)
ERR011059	(0.0, 0.0)	(1.0, 0.0)	(2.0, 0.0)	(3.0, 0.0)	(4.0, 0.0)	(5.0, 0.0)	(6.0, 0.0)	(7.0, 0.0)	(8.0, 0.0)	(9.0, 0.0)	(10.0, 0.0)	(11.0, 0.0)	(12.0, 0.0)	(13.0, 0.0)	(14.0, 0.0)	(15.0, 0.0)	(16.0, 0.0)	(17.0, 0.0)	(18.0, 0.0)	(19.0, 0.0)	(20.0, 0.0)	(21.0, 0.0)	(22.0, 0.0)	(23.0, 0.0)	(24.0, 0.0)	(25.0, 0.0)	(26.0, 0.0)	(27.0, 0.0)	(28.0, 0.0)	(29.0, 0.0)	(30.0, 0.0)	(31.0, 0.0)	(32.0, 0.0)	(33.0, 0.0)	(34.0, 0.0)	(35.0, 0.0)	(36.0, 0.0)	(37.0, 0.0)	(38.0, 4.0)	(39.0, 12.5)	(40.0, 22.5)	(41.0, 52.5)	(42.0, 100.5)	(43.0, 146.4)	(44.0, 186.2)	(45.0, 244.0)	(46.0, 319.58333333333337)	(47.0, 326.9166666666665)	(48.0, 369.3333333333329)	(49.0, 1183.1166666666782)	(50.0, 1428.7833333333128)	(51.0, 1231.3333333333326)	(52.0, 1177.0833333333378)	(53.0, 541.0833333333304)	(54.0, 209.08333333333346)	(55.0, 144.5)	(56.0, 52.25)	(57.0, 21.833333333333336)	(58.0, 19.33333333333333)	(59.0, 42.75000000000001)	(60.0, 29.25)	(61.0, 2.5)	(62.0, 1.0)	(63.0, 1.0)	(64.0, 0.5)	(65.0, 0.0)	(66.0, 0.0)	(67.0, 0.0)	(68.0, 0.0)	(69.0, 0.0)	(70.0, 0.0)	(71.0, 0.0)	(72.0, 0.0)	(73.0, 0.0)	(74.0, 0.0)	(75.0, 0.0)	(76.0, 0.0)	(77.0, 0.0)	(78.0, 0.0)	(79.0, 0.0)	(80.0, 0.0)	(81.0, 0.0)	(82.0, 0.0)	(83.0, 0.0)	(84.0, 0.0)	(85.0, 0.0)	(86.0, 0.0)	(87.0, 0.0)	(88.0, 0.0)	(89.0, 0.0)	(90.0, 0.0)	(91.0, 0.0)	(92.0, 0.0)	(93.0, 0.0)	(94.0, 0.0)	(95.0, 0.0)	(96.0, 0.0)	(97.0, 0.0)	(98.0, 0.0)	(99.0, 0.0)	(100.0, 0.0)
ERR011060	(0.0, 0.0)	(1.0, 0.0)	(2.0, 0.0)	(3.0, 0.0)	(4.0, 0.0)	(5.0, 0.0)	(6.0, 0.0)	(7.0, 0.0)	(8.0, 0.0)	(9.0, 0.0)	(10.0, 0.0)	(11.0, 0.0)	(12.0, 0.0)	(13.0, 0.0)	(14.0, 0.0)	(15.0, 0.0)	(16.0, 0.0)	(17.0, 0.0)	(18.0, 0.0)	(19.0, 0.0)	(20.0, 0.0)	(21.0, 0.0)	(22.0, 0.0)	(23.0, 0.0)	(24.0, 0.0)	(25.0, 0.0)	(26.0, 0.0)	(27.0, 0.0)	(28.0, 0.0)	(29.0, 0.0)	(30.0, 0.0)	(31.0, 0.0)	(32.0, 0.0)	(33.0, 0.0)	(34.0, 0.0)	(35.0, 0.0)	(36.0, 0.0)	(37.0, 0.5)	(38.0, 1.5)	(39.0, 2.0)	(40.0, 3.0)	(41.0, 6.0)	(42.0, 10.5)	(43.0, 13.5)	(44.0, 21.5)	(45.0, 49.0)	(46.0, 88.5)	(47.0, 100.33333333333333)	(48.0, 130.24999999999994)	(49.0, 272.5000000000008)	(50.0, 271.1666666666671)	(51.0, 357.6666666666662)	(52.0, 417.83333333333246)	(53.0, 459.66666666666606)	(54.0, 1651.4499999999498)	(55.0, 3924.7500000004893)	(56.0, 1315.416666666666)	(57.0, 220.66666666666674)	(58.0, 47.00000000000001)	(59.0, 18.833333333333336)	(60.0, 8.0)	(61.0, 7.0)	(62.0, 4.0)	(63.0, 2.0)	(64.0, 2.0)	(65.0, 3.0)	(66.0, 6.0)	(67.0, 10.0)	(68.0, 18.5)	(69.0, 39.0)	(70.0, 68.5)	(71.0, 112.0)	(72.0, 167.0)	(73.0, 191.5)	(74.0, 149.5)	(75.0, 93.0)	(76.0, 52.0)	(77.0, 19.5)	(78.0, 8.0)	(79.0, 5.5)	(80.0, 5.0)	(81.0, 2.5)	(82.0, 0.5)	(83.0, 0.0)	(84.0, 0.0)	(85.0, 0.0)	(86.0, 0.0)	(87.0, 0.0)	(88.0, 0.0)	(89.0, 0.0)	(90.0, 0.0)	(91.0, 0.0)	(92.0, 0.0)	(93.0, 0.0)	(94.0, 0.0)	(95.0, 0.0)	(96.0, 0.0)	(97.0, 0.0)	(98.0, 0.0)	(99.0, 0.0)	(100.0, 0.0)
ERR011061	(0.0, 0.0)	(1.0, 0.0)	(2.0, 0.0)	(3.0, 0.0)	(4.0, 0.0)	(5.0, 0.0)	(6.0, 0.0)	(7.0, 0.0)	(8.0, 0.0)	(9.0, 0.0)	(10.0, 0.0)	(11.0, 0.0)	(12.0, 0.0)	(13.0, 0.0)	(14.0, 0.0)	(15.0, 0.0)	(16.0, 0.0)	(17.0, 0.0)	(18.0, 0.0)	(19.0, 0.0)	(20.0, 0.0)	(21.0, 0.0)	(22.0, 0.0)	(23.0, 0.0)	(24.0, 0.0)	(25.0, 0.0)	(26.0, 0.0)	(27.0, 0.0)	(28.0, 0.0)	(29.0, 0.0)	(30.0, 0.0)	(31.0, 0.0)	(32.0, 0.0)	(33.0, 0.0)	(34.0, 0.0)	(35.0, 0.0)	(36.0, 1.5)	(37.0, 3.5)	(38.0, 2.5)	(39.0, 4.0)	(40.0, 12.5)	(41.0, 39.0)	(42.0, 96.0)	(43.0, 179.0)	(44.0, 260.0)	(45.0, 474.0)	(46.0, 700.5)	(47.0, 570.9166666666666)	(48.0, 475.74999999999756)	(49.0, 2658.583333333387)	(50.0, 1673.083333333261)	(51.0, 866.2000000000155)	(52.0, 732.4166666666725)	(53.0, 454.41666666666515)	(54.0, 101.41666666666669)	(55.0, 52.75)	(56.0, 25.666666666666664)	(57.0, 33.66666666666664)	(58.0, 37.58333333333333)	(59.0, 85.33333333333333)	(60.0, 31.0)	(61.0, 6.0)	(62.0, 1.0)	(63.0, 0.0)	(64.0, 0.0)	(65.0, 0.0)	(66.0, 0.0)	(67.0, 0.0)	(68.0, 0.0)	(69.0, 0.0)	(70.0, 0.0)	(71.0, 0.0)	(72.0, 0.0)	(73.0, 0.0)	(74.0, 0.0)	(75.0, 0.0)	(76.0, 0.0)	(77.0, 0.0)	(78.0, 0.0)	(79.0, 0.0)	(80.0, 0.0)	(81.0, 0.0)	(82.0, 0.0)	(83.0, 0.0)	(84.0, 0.0)	(85.0, 0.0)	(86.0, 0.0)	(87.0, 0.0)	(88.0, 0.0)	(89.0, 0.0)	(90.0, 0.0)	(91.0, 0.0)	(92.0, 0.0)	(93.0, 0.0)	(94.0, 0.0)	(95.0, 0.0)	(96.0, 0.0)	(97.0, 0.0)	(98.0, 0.0)	(99.0, 0.0)	(100.0, 0.0)
ERR011062	(0.0, 0.0)	(1.0, 0.0)	(2.0, 0.0)	(3.0, 0.0)	(4.0, 0.0)	(5.0, 0.0)	(6.0, 0.0)	(7.0, 0.0)	(8.0, 0.0)	(9.0, 0.0)	(10.0, 0.0)	(11.0, 0.0)	(12.0, 0.0)	(13.0, 0.0)	(14.0, 0.0)	(15.0, 0.0)	(16.0, 0.0)	(17.0, 0.0)	(18.0, 0.0)	(19.0, 0.0)	(20.0, 0.0)	(21.0, 0.0)	(22.0, 0.0)	(23.0, 0.0)	(24.0, 0.0)	(25.0, 0.0)	(26.0, 0.0)	(27.0, 0.0)	(28.0, 0.0)	(29.0, 0.0)	(30.0, 0.0)	(31.0, 0.0)	(32.0, 0.0)	(33.0, 0.0)	(34.0, 0.0)	(35.0, 0.0)	(36.0, 0.0)	(37.0, 0.0)	(38.0, 0.0)	(39.0, 2.0)	(40.0, 6.0)	(41.0, 13.0)	(42.0, 23.0)	(43.0, 29.5)	(44.0, 49.0)	(45.0, 94.0)	(46.0, 144.25)	(47.0, 169.0)	(48.0, 228.58333333333348)	(49.0, 373.4166666666664)	(50.0, 445.24999999999955)	(51.0, 660.2499999999997)	(52.0, 742.5833333333337)	(53.0, 831.3666666666691)	(54.0, 3081.666666666811)	(55.0, 6757.199999998862)	(56.0, 2280.4166666666115)	(57.0, 518.4999999999985)	(58.0, 138.5833333333333)	(59.0, 48.33333333333333)	(60.0, 17.416666666666664)	(61.0, 5.0)	(62.0, 2.5)	(63.0, 4.5)	(64.0, 7.0)	(65.0, 6.0)	(66.0, 4.5)	(67.0, 7.5)	(68.0, 17.0)	(69.0, 35.0)	(70.0, 58.5)	(71.0, 92.5)	(72.0, 129.0)	(73.0, 141.5)	(74.0, 110.0)	(75.0, 71.5)	(76.0, 43.0)	(77.0, 17.0)	(78.0, 7.0)	(79.0, 4.0)	(80.0, 4.5)	(81.0, 3.0)	(82.0, 1.0)	(83.0, 0.5)	(84.0, 0.0)	(85.0, 0.0)	(86.0, 0.0)	(87.0, 0.0)	(88.0, 0.0)	(89.0, 0.0)	(90.0, 0.0)	(91.0, 0.0)	(92.0, 0.0)	(93.0, 0.0)	(94.0, 0.0)	(95.0, 0.0)	(96.0, 0.0)	(97.0, 0.0)	(98.0, 0.0)	(99.0, 0.0)	(100.0, 0.0)
ERR011063	(0.0, 0.0)	(1.0, 0.0)	(2.0, 0.0)	(3.0, 0.0)	(4.0, 0.0)	(5.0, 0.0)	(6.0, 0.0)	(7.0, 0.0)	(8.0, 0.0)	(9.0, 0.0)	(10.0, 0.0)	(11.0, 0.0)	(12.0, 0.0)	(13.0, 0.0)	(14.0, 0.0)	(15.0, 0.0)	(16.0, 0.0)	(17.0, 0.0)	(18.0, 0.0)	(19.0, 0.0)	(20.0, 0.0)	(21.0, 0.0)	(22.0, 0.0)	(23.0, 0.0)	(24.0, 0.0)	(25.0, 0.0)	(26.0, 0.0)	(27.0, 0.0)	(28.0, 0.0)	(29.0, 0.0)	(30.0, 0.0)	(31.0, 0.0)	(32.0, 0.5)	(33.0, 0.5)	(34.0, 0.0)	(35.0, 0.5)	(36.0, 1.0)	(37.0, 2.0)	(38.0, 4.5)	(39.0, 10.0)	(40.0, 32.0)	(41.0, 70.0)	(42.0, 109.2)	(43.0, 158.5)	(44.0, 243.25)	(45.0, 379.5)	(46.0, 404.25)	(47.0, 318.5833333333334)	(48.0, 454.99999999999756)	(49.0, 861.5833333333449)	(50.0, 1383.4833333333197)	(51.0, 1709.9999999999736)	(52.0, 957.5928571428666)	(53.0, 252.28333333333362)	(54.0, 121.24999999999999)	(55.0, 70.83333333333334)	(56.0, 19.166666666666664)	(57.0, 15.416666666666671)	(58.0, 15.416666666666671)	(59.0, 26.83333333333333)	(60.0, 18.25)	(61.0, 0.75)	(62.0, 1.5)	(63.0, 1.0)	(64.0, 0.0)	(65.0, 0.0)	(66.0, 0.0)	(67.0, 0.0)	(68.0, 0.0)	(69.0, 0.0)	(70.0, 0.0)	(71.0, 0.0)	(72.0, 0.0)	(73.0, 0.0)	(74.0, 0.0)	(75.0, 0.0)	(76.0, 0.0)	(77.0, 0.0)	(78.0, 0.0)	(79.0, 0.0)	(80.0, 0.0)	(81.0, 0.0)	(82.0, 0.0)	(83.0, 0.0)	(84.0, 0.0)	(85.0, 0.0)	(86.0, 0.0)	(87.0, 0.0)	(88.0, 0.0)	(89.0, 0.0)	(90.0, 0.0)	(91.0, 0.0)	(92.0, 0.0)	(93.0, 0.0)	(94.0, 0.0)	(95.0, 0.0)	(96.0, 0.0)	(97.0, 0.0)	(98.0, 0.0)	(99.0, 0.0)	(100.0, 0.0)
ERR011064	(0.0, 0.0)	(1.0, 0.0)	(2.0, 0.0)	(3.0, 0.0)	(4.0, 0.0)	(5.0, 0.0)	(6.0, 0.0)	(7.0, 0.0)	(8.0, 0.0)	(9.0, 0.0)	(10.0, 0.0)	(11.0, 0.0)	(12.0, 0.0)	(13.0, 0.0)	(14.0, 0.0)	(15.0, 0.0)	(16.0, 0.0)	(17.0, 0.0)	(18.0, 0.0)	(19.0, 0.0)	(20.0, 0.0)	(21.0, 0.0)	(22.0, 0.0)	(23.0, 0.0)	(24.0, 0.0)	(25.0, 0.0)	(26.0, 0.0)	(27.0, 0.0)	(28.0, 0.0)	(29.0, 0.0)	(30.0, 0.0)	(31.0, 0.0)	(32.0, 0.0)	(33.0, 0.0)	(34.0, 0.0)	(35.0, 0.0)	(36.0, 0.5)	(37.0, 1.0)	(38.0, 1.0)	(39.0, 2.5)	(40.0, 5.5)	(41.0, 13.0)	(42.0, 33.0)	(43.0, 64.25)	(44.0, 114.75)	(45.0, 196.33333333333331)	(46.0, 277.83333333333337)	(47.0, 294.5)	(48.0, 334.0)	(49.0, 628.3333333333323)	(50.0, 664.5000000000003)	(51.0, 850.583333333339)	(52.0, 1027.6166666666754)	(53.0, 901.7500000000035)	(54.0, 1762.583333333277)	(55.0, 3210.25000000021)	(56.0, 1264.41666666667)	(57.0, 368.83333333333286)	(58.0, 120.58333333333326)	(59.0, 48.83333333333335)	(60.0, 12.833333333333332)	(61.0, 7.5)	(62.0, 5.0)	(63.0, 5.0)	(64.0, 5.5)	(65.0, 5.5)	(66.0, 3.5)	(67.0, 4.5)	(68.0, 9.0)	(69.0, 17.0)	(70.0, 23.5)	(71.0, 30.5)	(72.0, 46.5)	(73.0, 58.5)	(74.0, 46.5)	(75.0, 26.5)	(76.0, 13.0)	(77.0, 4.5)	(78.0, 2.0)	(79.0, 2.0)	(80.0, 3.0)	(81.0, 2.0)	(82.0, 0.5)	(83.0, 0.0)	(84.0, 0.0)	(85.0, 0.0)	(86.0, 0.0)	(87.0, 0.0)	(88.0, 0.0)	(89.0, 0.0)	(90.0, 0.0)	(91.0, 0.0)	(92.0, 0.0)	(93.0, 0.0)	(94.0, 0.0)	(95.0, 0.0)	(96.0, 0.0)	(97.0, 0.0)	(98.0, 0.0)	(99.0, 0.0)	(100.0, 0.0)
ERR011065	(0.0, 0.0)	(1.0, 0.0)	(2.0, 0.0)	(3.0, 0.0)	(4.0, 0.0)	(5.0, 0.0)	(6.0, 0.0)	(7.0, 0.0)	(8.0, 0.0)	(9.0, 0.0)	(10.0, 0.0)	(11.0, 0.0)	(12.0, 0.0)	(13.0, 0.0)	(14.0, 0.0)	(15.0, 0.0)	(16.0, 0.0)	(17.0, 0.0)	(18.0, 0.0)	(19.0, 0.0)	(20.0, 0.0)	(21.0, 0.0)	(22.0, 0.0)	(23.0, 0.0)	(24.0, 0.0)	(25.0, 0.0)	(26.0, 0.0)	(27.0, 0.0)	(28.0, 0.0)	(29.0, 0.0)	(30.0, 0.0)	(31.0, 0.0)	(32.0, 0.0)	(33.0, 0.0)	(34.0, 0.0)	(35.0, 0.0)	(36.0, 0.0)	(37.0, 0.0)	(38.0, 0.0)	(39.0, 1.0)	(40.0, 5.5)	(41.0, 19.0)	(42.0, 53.0)	(43.0, 113.5)	(44.0, 192.5)	(45.0, 286.5)	(46.0, 446.0)	(47.0, 530.3333333333333)	(48.0, 519.7499999999987)	(49.0, 1237.783333333339)	(50.0, 1547.566666666629)	(51.0, 1637.2499999999554)	(52.0, 1718.4499999999446)	(53.0, 1197.1166666666725)	(54.0, 454.8928571428555)	(55.0, 285.3166666666667)	(56.0, 121.41666666666666)	(57.0, 176.0833333333335)	(58.0, 283.6666666666676)	(59.0, 409.74999999999926)	(60.0, 474.75)	(61.0, 60.833333333333336)	(62.0, 6.0)	(63.0, 1.5)	(64.0, 0.0)	(65.0, 0.0)	(66.0, 0.0)	(67.0, 0.0)	(68.0, 0.0)	(69.0, 0.0)	(70.0, 0.0)	(71.0, 0.0)	(72.0, 0.0)	(73.0, 0.0)	(74.0, 0.0)	(75.0, 0.0)	(76.0, 0.0)	(77.0, 0.0)	(78.0, 0.0)	(79.0, 0.0)	(80.0, 0.0)	(81.0, 0.0)	(82.0, 0.0)	(83.0, 0.0)	(84.0, 0.0)	(85.0, 0.0)	(86.0, 0.0)	(87.0, 0.0)	(88.0, 0.0)	(89.0, 0.0)	(90.0, 0.0)	(91.0, 0.0)	(92.0, 0.0)	(93.0, 0.0)	(94.0, 0.0)	(95.0, 0.0)	(96.0, 0.0)	(97.0, 0.0)	(98.0, 0.0)	(99.0, 0.0)	(100.0, 0.0)
ERR011066	(0.0, 0.0)	(1.0, 0.0)	(2.0, 0.0)	(3.0, 0.0)	(4.0, 0.0)	(5.0, 0.0)	(6.0, 0.0)	(7.0, 0.0)	(8.0, 0.0)	(9.0, 0.0)	(10.0, 0.0)	(11.0, 0.0)	(12.0, 0.0)	(13.0, 0.0)	(14.0, 0.0)	(15.0, 0.0)	(16.0, 0.0)	(17.0, 0.0)	(18.0, 0.0)	(19.0, 0.0)	(20.0, 0.0)	(21.0, 0.0)	(22.0, 0.0)	(23.0, 0.0)	(24.0, 0.0)	(25.0, 0.0)	(26.0, 0.0)	(27.0, 0.0)	(28.0, 0.0)	(29.0, 0.0)	(30.0, 0.0)	(31.0, 0.0)	(32.0, 0.0)	(33.0, 0.0)	(34.0, 0.0)	(35.0, 0.0)	(36.0, 0.0)	(37.0, 0.0)	(38.0, 0.5)	(39.0, 1.0)	(40.0, 1.5)	(41.0, 5.5)	(42.0, 13.0)	(43.0, 18.0)	(44.0, 22.0)	(45.0, 37.0)	(46.0, 66.0)	(47.0, 81.83333333333333)	(48.0, 111.16666666666663)	(49.0, 175.0000000000001)	(50.0, 214.78333333333342)	(51.0, 267.4166666666668)	(52.0, 331.33333333333326)	(53.0, 421.33333333333303)	(54.0, 1358.8333333333221)	(55.0, 3291.083333333591)	(56.0, 1297.9999999999984)	(57.0, 270.0000000000002)	(58.0, 74.75)	(59.0, 30.083333333333332)	(60.0, 13.083333333333334)	(61.0, 7.833333333333333)	(62.0, 5.0)	(63.0, 5.0)	(64.0, 4.5)	(65.0, 6.0)	(66.0, 10.0)	(67.0, 16.5)	(68.0, 34.0)	(69.0, 60.5)	(70.0, 94.0)	(71.0, 135.5)	(72.0, 161.0)	(73.0, 155.5)	(74.0, 123.0)	(75.0, 88.5)	(76.0, 57.5)	(77.0, 29.5)	(78.0, 18.0)	(79.0, 10.5)	(80.0, 4.5)	(81.0, 2.0)	(82.0, 1.0)	(83.0, 0.5)	(84.0, 0.0)	(85.0, 0.0)	(86.0, 0.0)	(87.0, 0.0)	(88.0, 0.0)	(89.0, 0.0)	(90.0, 0.0)	(91.0, 0.0)	(92.0, 0.0)	(93.0, 0.0)	(94.0, 0.0)	(95.0, 0.0)	(96.0, 0.0)	(97.0, 0.0)	(98.0, 0.0)	(99.0, 0.0)	(100.0, 0.0)
ERR011067	(0.0, 0.0)	(1.0, 0.0)	(2.0, 0.0)	(3.0, 0.0)	(4.0, 0.0)	(5.0, 0.0)	(6.0, 0.0)	(7.0, 0.0)	(8.0, 0.0)	(9.0, 0.0)	(10.0, 0.0)	(11.0, 0.0)	(12.0, 0.0)	(13.0, 0.0)	(14.0, 0.0)	(15.0, 0.0)	(16.0, 0.0)	(17.0, 0.0)	(18.0, 0.0)	(19.0, 0.0)	(20.0, 0.0)	(21.0, 0.0)	(22.0, 0.0)	(23.0, 0.0)	(24.0, 0.0)	(25.0, 0.0)	(26.0, 0.0)	(27.0, 0.0)	(28.0, 0.0)	(29.0, 0.0)	(30.0, 0.0)	(31.0, 0.0)	(32.0, 0.0)	(33.0, 0.0)	(34.0, 0.0)	(35.0, 0.0)	(36.0, 1.0)	(37.0, 2.0)	(38.0, 2.5)	(39.0, 2.0)	(40.0, 3.5)	(41.0, 9.5)	(42.0, 17.5)	(43.0, 27.333333333333336)	(44.0, 35.83333333333333)	(45.0, 60.0)	(46.0, 100.0)	(47.0, 111.33333333333334)	(48.0, 133.9166666666666)	(49.0, 329.58333333333354)	(50.0, 359.4166666666664)	(51.0, 450.499999999999)	(52.0, 574.4166666666655)	(53.0, 724.4166666666674)	(54.0, 1456.8333333333167)	(55.0, 3052.0000000001583)	(56.0, 1166.25000000001)	(57.0, 749.3333333333421)	(58.0, 528.8666666666606)	(59.0, 814.7000000000018)	(60.0, 1329.6666666666665)	(61.0, 174.83333333333334)	(62.0, 23.333333333333336)	(63.0, 10.75)	(64.0, 8.5)	(65.0, 7.0)	(66.0, 14.0)	(67.0, 26.5)	(68.0, 48.0)	(69.0, 80.0)	(70.0, 121.5)	(71.0, 207.5)	(72.0, 317.5)	(73.0, 354.5)	(74.0, 251.5)	(75.0, 141.5)	(76.0, 75.0)	(77.0, 19.5)	(78.0, 9.5)	(79.0, 5.5)	(80.0, 4.0)	(81.0, 2.0)	(82.0, 0.5)	(83.0, 0.0)	(84.0, 0.0)	(85.0, 0.0)	(86.0, 0.0)	(87.0, 0.0)	(88.0, 0.0)	(89.0, 0.0)	(90.0, 0.0)	(91.0, 0.0)	(92.0, 0.0)	(93.0, 0.0)	(94.0, 0.0)	(95.0, 0.0)	(96.0, 0.0)	(97.0, 0.0)	(98.0, 0.0)	(99.0, 0.0)	(100.0, 0.0)
ERR011068	(0.0, 0.0)	(1.0, 0.0)	(2.0, 0.0)	(3.0, 0.0)	(4.0, 0.0)	(5.0, 0.0)	(6.0, 0.0)	(7.0, 0.0)	(8.0, 0.0)	(9.0, 0.0)	(10.0, 0.0)	(11.0, 0.0)	(12.0, 0.0)	(13.0, 0.0)	(14.0, 0.0)	(15.0, 0.0)	(16.0, 0.0)	(17.0, 0.0)	(18.0, 0.0)	(19.0, 0.0)	(20.0, 0.0)	(21.0, 0.0)	(22.0, 0.0)	(23.0, 0.0)	(24.0, 0.0)	(25.0, 0.0)	(26.0, 0.0)	(27.0, 0.0)	(28.0, 0.0)	(29.0, 0.0)	(30.0, 0.0)	(31.0, 0.0)	(32.0, 0.0)	(33.0, 0.0)	(34.0, 0.0)	(35.0, 0.0)	(36.0, 0.5)	(37.0, 1.0)	(38.0, 1.0)	(39.0, 2.5)	(40.0, 4.5)	(41.0, 13.0)	(42.0, 30.5)	(43.0, 50.0)	(44.0, 82.0)	(45.0, 135.0)	(46.0, 198.66666666666666)	(47.0, 227.08333333333334)	(48.0, 289.91666666666674)	(49.0, 597.916666666665)	(50.0, 625.6666666666663)	(51.0, 757.8333333333363)	(52.0, 705.2500000000009)	(53.0, 696.5833333333344)	(54.0, 2141.366666666575)	(55.0, 4391.400000000391)	(56.0, 1271.833333333335)	(57.0, 276.58333333333366)	(58.0, 87.61666666666667)	(59.0, 36.83333333333333)	(60.0, 13.000000000000002)	(61.0, 8.5)	(62.0, 7.5)	(63.0, 4.5)	(64.0, 1.5)	(65.0, 3.0)	(66.0, 4.0)	(67.0, 6.0)	(68.0, 11.5)	(69.0, 22.0)	(70.0, 33.5)	(71.0, 47.5)	(72.0, 65.5)	(73.0, 71.5)	(74.0, 57.0)	(75.0, 38.0)	(76.0, 21.0)	(77.0, 7.5)	(78.0, 4.0)	(79.0, 3.5)	(80.0, 2.5)	(81.0, 1.0)	(82.0, 0.0)	(83.0, 0.0)	(84.0, 0.0)	(85.0, 0.0)	(86.0, 0.0)	(87.0, 0.0)	(88.0, 0.0)	(89.0, 0.0)	(90.0, 0.0)	(91.0, 0.0)	(92.0, 0.0)	(93.0, 0.0)	(94.0, 0.0)	(95.0, 0.0)	(96.0, 0.0)	(97.0, 0.0)	(98.0, 0.0)	(99.0, 0.0)	(100.0, 0.0)
ERR011069	(0.0, 0.0)	(1.0, 0.0)	(2.0, 0.0)	(3.0, 0.0)	(4.0, 0.0)	(5.0, 0.0)	(6.0, 0.0)	(7.0, 0.0)	(8.0, 0.0)	(9.0, 0.0)	(10.0, 0.0)	(11.0, 0.0)	(12.0, 0.0)	(13.0, 0.0)	(14.0, 0.0)	(15.0, 0.0)	(16.0, 0.0)	(17.0, 0.0)	(18.0, 0.0)	(19.0, 0.0)	(20.0, 0.0)	(21.0, 0.0)	(22.0, 0.0)	(23.0, 0.0)	(24.0, 0.0)	(25.0, 0.0)	(26.0, 0.0)	(27.0, 0.0)	(28.0, 0.0)	(29.0, 0.0)	(30.0, 0.0)	(31.0, 0.0)	(32.0, 0.0)	(33.0, 0.0)	(34.0, 0.0)	(35.0, 0.0)	(36.0, 0.0)	(37.0, 0.0)	(38.0, 1.0)	(39.0, 2.5)	(40.0, 8.0)	(41.0, 21.0)	(42.0, 44.5)	(43.0, 80.25)	(44.0, 137.0)	(45.0, 229.5)	(46.0, 367.0)	(47.0, 452.16666666666663)	(48.0, 438.7499999999996)	(49.0, 1059.4166666666865)	(50.0, 1223.0333333333397)	(51.0, 1306.999999999992)	(52.0, 1760.4999999999347)	(53.0, 857.4166666666778)	(54.0, 232.28333333333345)	(55.0, 66.16666666666667)	(56.0, 29.999999999999996)	(57.0, 23.0)	(58.0, 11.416666666666668)	(59.0, 20.333333333333332)	(60.0, 12.583333333333334)	(61.0, 3.25)	(62.0, 1.0)	(63.0, 0.5)	(64.0, 0.5)	(65.0, 0.0)	(66.0, 0.0)	(67.0, 0.0)	(68.0, 0.0)	(69.0, 0.0)	(70.0, 0.0)	(71.0, 0.0)	(72.0, 0.0)	(73.0, 0.0)	(74.0, 0.0)	(75.0, 0.0)	(76.0, 0.0)	(77.0, 0.0)	(78.0, 0.0)	(79.0, 0.0)	(80.0, 0.0)	(81.0, 0.0)	(82.0, 0.0)	(83.0, 0.0)	(84.0, 0.0)	(85.0, 0.0)	(86.0, 0.0)	(87.0, 0.0)	(88.0, 0.0)	(89.0, 0.0)	(90.0, 0.0)	(91.0, 0.0)	(92.0, 0.0)	(93.0, 0.0)	(94.0, 0.0)	(95.0, 0.0)	(96.0, 0.0)	(97.0, 0.0)	(98.0, 0.0)	(99.0, 0.0)	(100.0, 0.0)
ERR011070	(0.0, 0.0)	(1.0, 0.0)	(2.0, 0.0)	(3.0, 0.0)	(4.0, 0.0)	(5.0, 0.0)	(6.0, 0.0)	(7.0, 0.0)	(8.0, 0.0)	(9.0, 0.0)	(10.0, 0.0)	(11.0, 0.0)	(12.0, 0.0)	(13.0, 0.0)	(14.0, 0.0)	(15.0, 0.0)	(16.0, 0.0)	(17.0, 0.0)	(18.0, 0.0)	(19.0, 0.0)	(20.0, 0.0)	(21.0, 0.0)	(22.0, 0.0)	(23.0, 0.0)	(24.0, 0.0)	(25.0, 0.0)	(26.0, 0.0)	(27.0, 0.0)	(28.0, 0.0)	(29.0, 0.0)	(30.0, 0.0)	(31.0, 0.0)	(32.0, 0.0)	(33.0, 0.0)	(34.0, 0.0)	(35.0, 0.5)	(36.0, 1.0)	(37.0, 2.5)	(38.0, 4.0)	(39.0, 4.0)	(40.0, 7.0)	(41.0, 25.0)	(42.0, 55.5)	(43.0, 92.0)	(44.0, 151.5)	(45.0, 266.0)	(46.0, 449.0)	(47.0, 534.3333333333333)	(48.0, 465.08333333333223)	(49.0, 1620.033333333276)	(50.0, 1527.333333333295)	(51.0, 1100.833333333348)	(52.0, 1816.449999999924)	(53.0, 1075.7500000000166)	(54.0, 309.3333333333332)	(55.0, 150.97619047619034)	(56.0, 109.74999999999983)	(57.0, 51.33333333333334)	(58.0, 27.666666666666657)	(59.0, 22.666666666666668)	(60.0, 24.583333333333336)	(61.0, 4.75)	(62.0, 1.0)	(63.0, 0.5)	(64.0, 0.0)	(65.0, 0.0)	(66.0, 0.0)	(67.0, 0.0)	(68.0, 0.0)	(69.0, 0.0)	(70.0, 0.0)	(71.0, 0.0)	(72.0, 0.0)	(73.0, 0.0)	(74.0, 0.0)	(75.0, 0.0)	(76.0, 0.0)	(77.0, 0.0)	(78.0, 0.0)	(79.0, 0.0)	(80.0, 0.0)	(81.0, 0.0)	(82.0, 0.0)	(83.0, 0.0)	(84.0, 0.0)	(85.0, 0.0)	(86.0, 0.0)	(87.0, 0.0)	(88.0, 0.0)	(89.0, 0.0)	(90.0, 0.0)	(91.0, 0.0)	(92.0, 0.0)	(93.0, 0.0)	(94.0, 0.0)	(95.0, 0.0)	(96.0, 0.0)	(97.0, 0.0)	(98.0, 0.0)	(99.0, 0.0)	(100.0, 0.0)
ERR011071	(0.0, 0.0)	(1.0, 0.0)	(2.0, 0.0)	(3.0, 0.0)	(4.0, 0.0)	(5.0, 0.0)	(6.0, 0.0)	(7.0, 0.0)	(8.0, 0.0)	(9.0, 0.0)	(10.0, 0.0)	(11.0, 0.0)	(12.0, 0.0)	(13.0, 0.0)	(14.0, 0.0)	(15.0, 0.0)	(16.0, 0.0)	(17.0, 0.0)	(18.0, 0.0)	(19.0, 0.0)	(20.0, 0.0)	(21.0, 0.0)	(22.0, 0.0)	(23.0, 0.0)	(24.0, 0.0)	(25.0, 0.0)	(26.0, 0.0)	(27.0, 0.0)	(28.0, 0.0)	(29.0, 0.0)	(30.0, 0.0)	(31.0, 0.0)	(32.0, 0.0)	(33.0, 0.0)	(34.0, 0.0)	(35.0, 0.0)	(36.0, 0.0)	(37.0, 0.0)	(38.0, 1.0)	(39.0, 3.0)	(40.0, 5.5)	(41.0, 18.0)	(42.0, 45.5)	(43.0, 79.5)	(44.0, 134.0)	(45.0, 207.5)	(46.0, 294.5)	(47.0, 319.25)	(48.0, 335.99999999999994)	(49.0, 1353.5833333333228)	(50.0, 1484.583333333303)	(51.0, 992.9761904762111)	(52.0, 1107.983333333348)	(53.0, 499.66666666666237)	(54.0, 201.91666666666688)	(55.0, 120.99999999999993)	(56.0, 34.75)	(57.0, 31.24999999999999)	(58.0, 29.083333333333314)	(59.0, 27.41666666666666)	(60.0, 36.58333333333333)	(61.0, 4.25)	(62.0, 1.5)	(63.0, 0.5)	(64.0, 0.0)	(65.0, 0.0)	(66.0, 0.0)	(67.0, 0.0)	(68.0, 0.0)	(69.0, 0.0)	(70.0, 0.0)	(71.0, 0.0)	(72.0, 0.0)	(73.0, 0.0)	(74.0, 0.0)	(75.0, 0.0)	(76.0, 0.0)	(77.0, 0.0)	(78.0, 0.0)	(79.0, 0.0)	(80.0, 0.0)	(81.0, 0.0)	(82.0, 0.0)	(83.0, 0.0)	(84.0, 0.0)	(85.0, 0.0)	(86.0, 0.0)	(87.0, 0.0)	(88.0, 0.0)	(89.0, 0.0)	(90.0, 0.0)	(91.0, 0.0)	(92.0, 0.0)	(93.0, 0.0)	(94.0, 0.0)	(95.0, 0.0)	(96.0, 0.0)	(97.0, 0.0)	(98.0, 0.0)	(99.0, 0.0)	(100.0, 0.0)
ERR011072	(0.0, 0.0)	(1.0, 0.0)	(2.0, 0.0)	(3.0, 0.0)	(4.0, 0.0)	(5.0, 0.0)	(6.0, 0.0)	(7.0, 0.0)	(8.0, 0.0)	(9.0, 0.0)	(10.0, 0.0)	(11.0, 0.0)	(12.0, 0.0)	(13.0, 0.0)	(14.0, 0.0)	(15.0, 0.0)	(16.0, 0.0)	(17.0, 0.0)	(18.0, 0.0)	(19.0, 0.0)	(20.0, 0.0)	(21.0, 0.0)	(22.0, 0.0)	(23.0, 0.0)	(24.0, 0.0)	(25.0, 0.0)	(26.0, 0.0)	(27.0, 0.0)	(28.0, 0.0)	(29.0, 0.0)	(30.0, 0.0)	(31.0, 0.0)	(32.0, 0.0)	(33.0, 0.0)	(34.0, 0.0)	(35.0, 0.0)	(36.0, 0.0)	(37.0, 0.0)	(38.0, 0.5)	(39.0, 3.5)	(40.0, 16.0)	(41.0, 39.0)	(42.0, 67.5)	(43.0, 134.0)	(44.0, 199.5)	(45.0, 353.33333333333337)	(46.0, 414.0833333333333)	(47.0, 276.3333333333334)	(48.0, 501.8333333333278)	(49.0, 1072.8333333333499)	(50.0, 872.2500000000053)	(51.0, 647.6666666666671)	(52.0, 261.78333333333376)	(53.0, 123.91666666666663)	(54.0, 57.583333333333336)	(55.0, 38.33333333333333)	(56.0, 52.583333333333364)	(57.0, 20.833333333333332)	(58.0, 18.083333333333336)	(59.0, 24.5)	(60.0, 9.0)	(61.0, 2.0)	(62.0, 0.5)	(63.0, 0.0)	(64.0, 0.0)	(65.0, 0.0)	(66.0, 0.0)	(67.0, 0.0)	(68.0, 0.0)	(69.0, 0.0)	(70.0, 0.0)	(71.0, 0.0)	(72.0, 0.0)	(73.0, 0.0)	(74.0, 0.0)	(75.0, 0.0)	(76.0, 0.0)	(77.0, 0.0)	(78.0, 0.0)	(79.0, 0.0)	(80.0, 0.0)	(81.0, 0.0)	(82.0, 0.0)	(83.0, 0.0)	(84.0, 0.0)	(85.0, 0.0)	(86.0, 0.0)	(87.0, 0.0)	(88.0, 0.0)	(89.0, 0.0)	(90.0, 0.0)	(91.0, 0.0)	(92.0, 0.0)	(93.0, 0.0)	(94.0, 0.0)	(95.0, 0.0)	(96.0, 0.0)	(97.0, 0.0)	(98.0, 0.0)	(99.0, 0.0)	(100.0, 0.0)
ERR011073	(0.0, 0.0)	(1.0, 0.0)	(2.0, 0.0)	(3.0, 0.0)	(4.0, 0.0)	(5.0, 0.0)	(6.0, 0.0)	(7.0, 0.0)	(8.0, 0.0)	(9.0, 0.0)	(10.0, 0.0)	(11.0, 0.0)	(12.0, 0.0)	(13.0, 0.0)	(14.0, 0.0)	(15.0, 0.0)	(16.0, 0.0)	(17.0, 0.0)	(18.0, 0.0)	(19.0, 0.0)	(20.0, 0.0)	(21.0, 0.0)	(22.0, 0.0)	(23.0, 0.0)	(24.0, 0.0)	(25.0, 0.0)	(26.0, 0.0)	(27.0, 0.0)	(28.0, 0.0)	(29.0, 0.0)	(30.0, 0.0)	(31.0, 0.0)	(32.0, 0.0)	(33.0, 0.0)	(34.0, 0.0)	(35.0, 0.0)	(36.0, 0.0)	(37.0, 0.5)	(38.0, 1.0)	(39.0, 3.0)	(40.0, 11.5)	(41.0, 28.5)	(42.0, 78.0)	(43.0, 167.5)	(44.0, 274.5)	(45.0, 375.2)	(46.0, 456.5)	(47.0, 531.4999999999998)	(48.0, 623.0333333333334)	(49.0, 1545.3666666666372)	(50.0, 1987.7499999998997)	(51.0, 1765.6999999999568)	(52.0, 1854.1999999999402)	(53.0, 986.5833333333519)	(54.0, 319.25000000000006)	(55.0, 148.16666666666666)	(56.0, 57.16666666666667)	(57.0, 53.00000000000002)	(58.0, 36.416666666666664)	(59.0, 42.416666666666664)	(60.0, 47.08333333333333)	(61.0, 8.5)	(62.0, 1.5)	(63.0, 0.5)	(64.0, 0.5)	(65.0, 0.5)	(66.0, 0.0)	(67.0, 0.0)	(68.0, 0.0)	(69.0, 0.0)	(70.0, 0.0)	(71.0, 0.0)	(72.0, 0.0)	(73.0, 0.0)	(74.0, 0.0)	(75.0, 0.0)	(76.0, 0.0)	(77.0, 0.0)	(78.0, 0.0)	(79.0, 0.0)	(80.0, 0.0)	(81.0, 0.0)	(82.0, 0.0)	(83.0, 0.0)	(84.0, 0.0)	(85.0, 0.0)	(86.0, 0.0)	(87.0, 0.0)	(88.0, 0.0)	(89.0, 0.0)	(90.0, 0.0)	(91.0, 0.0)	(92.0, 0.0)	(93.0, 0.0)	(94.0, 0.0)	(95.0, 0.0)	(96.0, 0.0)	(97.0, 0.0)	(98.0, 0.0)	(99.0, 0.0)	(100.0, 0.0)
ERR011074	(0.0, 0.0)	(1.0, 0.0)	(2.0, 0.0)	(3.0, 0.0)	(4.0, 0.0)	(5.0, 0.0)	(6.0, 0.0)	(7.0, 0.0)	(8.0, 0.0)	(9.0, 0.0)	(10.0, 0.0)	(11.0, 0.0)	(12.0, 0.0)	(13.0, 0.0)	(14.0, 0.0)	(15.0, 0.0)	(16.0, 0.0)	(17.0, 0.0)	(18.0, 0.0)	(19.0, 0.0)	(20.0, 0.0)	(21.0, 0.0)	(22.0, 0.0)	(23.0, 0.0)	(24.0, 0.0)	(25.0, 0.0)	(26.0, 0.0)	(27.0, 0.0)	(28.0, 0.0)	(29.0, 0.0)	(30.0, 0.0)	(31.0, 0.0)	(32.0, 0.0)	(33.0, 0.0)	(34.0, 0.0)	(35.0, 0.5)	(36.0, 1.5)	(37.0, 2.0)	(38.0, 2.5)	(39.0, 4.0)	(40.0, 7.0)	(41.0, 20.5)	(42.0, 47.5)	(43.0, 87.0)	(44.0, 144.33333333333331)	(45.0, 207.83333333333334)	(46.0, 297.0)	(47.0, 343.99999999999994)	(48.0, 404.1666666666658)	(49.0, 1054.8333333333596)	(50.0, 1593.583333333281)	(51.0, 1339.0833333333253)	(52.0, 1141.0833333333453)	(53.0, 962.2500000000147)	(54.0, 746.4166666666728)	(55.0, 1570.1999999999744)	(56.0, 405.99999999999955)	(57.0, 164.33333333333337)	(58.0, 185.08333333333346)	(59.0, 151.91666666666663)	(60.0, 53.41666666666667)	(61.0, 4.5)	(62.0, 1.75)	(63.0, 2.5)	(64.0, 1.8333333333333333)	(65.0, 0.0)	(66.0, 0.0)	(67.0, 0.0)	(68.0, 0.0)	(69.0, 0.0)	(70.0, 0.0)	(71.0, 0.0)	(72.0, 0.0)	(73.0, 0.0)	(74.0, 0.0)	(75.0, 0.0)	(76.0, 0.0)	(77.0, 0.0)	(78.0, 0.0)	(79.0, 0.0)	(80.0, 0.0)	(81.0, 0.0)	(82.0, 0.0)	(83.0, 0.0)	(84.0, 0.0)	(85.0, 0.0)	(86.0, 0.0)	(87.0, 0.0)	(88.0, 0.0)	(89.0, 0.0)	(90.0, 0.0)	(91.0, 0.0)	(92.0, 0.0)	(93.0, 0.0)	(94.0, 0.0)	(95.0, 0.0)	(96.0, 0.0)	(97.0, 0.0)	(98.0, 0.0)	(99.0, 0.0)	(100.0, 0.0)
ERR011075	(0.0, 0.0)	(1.0, 0.0)	(2.0, 0.0)	(3.0, 0.0)	(4.0, 0.0)	(5.0, 0.0)	(6.0, 0.0)	(7.0, 0.0)	(8.0, 0.0)	(9.0, 0.0)	(10.0, 0.0)	(11.0, 0.0)	(12.0, 0.0)	(13.0, 0.0)	(14.0, 0.0)	(15.0, 0.0)	(16.0, 0.0)	(17.0, 0.0)	(18.0, 0.0)	(19.0, 0.0)	(20.0, 0.0)	(21.0, 0.0)	(22.0, 0.0)	(23.0, 0.0)	(24.0, 0.0)	(25.0, 0.0)	(26.0, 0.0)	(27.0, 0.0)	(28.0, 0.0)	(29.0, 0.0)	(30.0, 0.0)	(31.0, 0.0)	(32.0, 0.0)	(33.0, 0.0)	(34.0, 0.0)	(35.0, 0.0)	(36.0, 0.0)	(37.0, 0.5)	(38.0, 1.0)	(39.0, 1.0)	(40.0, 4.0)	(41.0, 12.5)	(42.0, 30.5)	(43.0, 52.5)	(44.0, 73.5)	(45.0, 101.5)	(46.0, 124.33333333333333)	(47.0, 131.83333333333334)	(48.0, 207.75000000000045)	(49.0, 301.16666666666674)	(50.0, 420.66666666666526)	(51.0, 619.3333333333333)	(52.0, 593.8333333333331)	(53.0, 494.2499999999987)	(54.0, 698.5333333333375)	(55.0, 938.4166666666808)	(56.0, 408.249999999999)	(57.0, 124.83333333333324)	(58.0, 53.500000000000036)	(59.0, 26.999999999999993)	(60.0, 27.5)	(61.0, 34.666666666666664)	(62.0, 28.833333333333332)	(63.0, 19.25)	(64.0, 17.25)	(65.0, 17.0)	(66.0, 9.25)	(67.0, 4.25)	(68.0, 2.0)	(69.0, 1.5)	(70.0, 1.5)	(71.0, 3.5)	(72.0, 5.5)	(73.0, 3.5)	(74.0, 0.75)	(75.0, 0.25)	(76.0, 0.0)	(77.0, 0.0)	(78.0, 0.0)	(79.0, 0.0)	(80.0, 0.0)	(81.0, 0.0)	(82.0, 0.0)	(83.0, 0.0)	(84.0, 0.0)	(85.0, 0.0)	(86.0, 0.0)	(87.0, 0.0)	(88.0, 0.0)	(89.0, 0.0)	(90.0, 0.0)	(91.0, 0.0)	(92.0, 0.0)	(93.0, 0.0)	(94.0, 0.0)	(95.0, 0.0)	(96.0, 0.0)	(97.0, 0.0)	(98.0, 0.0)	(99.0, 0.0)	(100.0, 0.0)
ERR011076	(0.0, 0.0)	(1.0, 0.0)	(2.0, 0.0)	(3.0, 0.0)	(4.0, 0.0)	(5.0, 0.0)	(6.0, 0.0)	(7.0, 0.0)	(8.0, 0.0)	(9.0, 0.0)	(10.0, 0.0)	(11.0, 0.0)	(12.0, 0.0)	(13.0, 0.0)	(14.0, 0.0)	(15.0, 0.0)	(16.0, 0.0)	(17.0, 0.0)	(18.0, 0.0)	(19.0, 0.0)	(20.0, 0.0)	(21.0, 0.0)	(22.0, 0.0)	(23.0, 0.0)	(24.0, 0.0)	(25.0, 0.0)	(26.0, 0.0)	(27.0, 0.0)	(28.0, 0.0)	(29.0, 0.0)	(30.0, 0.0)	(31.0, 0.0)	(32.0, 0.0)	(33.0, 0.0)	(34.0, 0.0)	(35.0, 0.0)	(36.0, 0.0)	(37.0, 0.0)	(38.0, 1.0)	(39.0, 3.5)	(40.0, 9.5)	(41.0, 23.0)	(42.0, 46.0)	(43.0, 97.5)	(44.0, 153.83333333333331)	(45.0, 268.5)	(46.0, 389.5)	(47.0, 312.8333333333333)	(48.0, 269.58333333333405)	(49.0, 1378.9499999999757)	(50.0, 776.8333333333467)	(51.0, 362.03333333333217)	(52.0, 573.5333333333328)	(53.0, 491.9166666666657)	(54.0, 219.25000000000014)	(55.0, 175.50000000000006)	(56.0, 95.25)	(57.0, 292.2500000000006)	(58.0, 294.66666666666686)	(59.0, 828.0000000000006)	(60.0, 427.8333333333333)	(61.0, 44.25)	(62.0, 3.833333333333333)	(63.0, 2.333333333333333)	(64.0, 1.0)	(65.0, 0.0)	(66.0, 0.0)	(67.0, 0.0)	(68.0, 0.0)	(69.0, 0.0)	(70.0, 0.0)	(71.0, 0.0)	(72.0, 0.0)	(73.0, 0.0)	(74.0, 0.0)	(75.0, 0.0)	(76.0, 0.0)	(77.0, 0.0)	(78.0, 0.0)	(79.0, 0.0)	(80.0, 0.0)	(81.0, 0.0)	(82.0, 0.0)	(83.0, 0.0)	(84.0, 0.0)	(85.0, 0.0)	(86.0, 0.0)	(87.0, 0.0)	(88.0, 0.0)	(89.0, 0.0)	(90.0, 0.0)	(91.0, 0.0)	(92.0, 0.0)	(93.0, 0.0)	(94.0, 0.0)	(95.0, 0.0)	(96.0, 0.0)	(97.0, 0.0)	(98.0, 0.0)	(99.0, 0.0)	(100.0, 0.0)
ERR011077	(0.0, 0.0)	(1.0, 0.0)	(2.0, 0.0)	(3.0, 0.0)	(4.0, 0.0)	(5.0, 0.0)	(6.0, 0.0)	(7.0, 0.0)	(8.0, 0.0)	(9.0, 0.0)	(10.0, 0.0)	(11.0, 0.0)	(12.0, 0.0)	(13.0, 0.0)	(14.0, 0.0)	(15.0, 0.0)	(16.0, 0.0)	(17.0, 0.0)	(18.0, 0.0)	(19.0, 0.0)	(20.0, 0.0)	(21.0, 0.0)	(22.0, 0.0)	(23.0, 0.0)	(24.0, 0.0)	(25.0, 0.0)	(26.0, 0.0)	(27.0, 0.0)	(28.0, 0.0)	(29.0, 0.0)	(30.0, 0.0)	(31.0, 0.0)	(32.0, 0.0)	(33.0, 0.0)	(34.0, 0.0)	(35.0, 0.0)	(36.0, 0.0)	(37.0, 0.5)	(38.0, 1.0)	(39.0, 0.5)	(40.0, 1.5)	(41.0, 7.5)	(42.0, 19.7)	(43.0, 36.0)	(44.0, 62.0)	(45.0, 112.5)	(46.0, 148.83333333333334)	(47.0, 154.75)	(48.0, 234.50000000000094)	(49.0, 335.99999999999943)	(50.0, 450.4166666666665)	(51.0, 503.0833333333328)	(52.0, 423.74999999999955)	(53.0, 574.6666666666664)	(54.0, 584.9999999999997)	(55.0, 644.0000000000009)	(56.0, 485.05952380952283)	(57.0, 292.97619047619054)	(58.0, 852.6666666666858)	(59.0, 1631.6666666666379)	(60.0, 1024.0833333333348)	(61.0, 195.41666666666666)	(62.0, 89.0)	(63.0, 45.5)	(64.0, 22.5)	(65.0, 11.5)	(66.0, 5.5)	(67.0, 2.5)	(68.0, 3.0)	(69.0, 4.0)	(70.0, 3.0)	(71.0, 2.5)	(72.0, 2.0)	(73.0, 1.5)	(74.0, 0.5)	(75.0, 0.0)	(76.0, 0.0)	(77.0, 0.0)	(78.0, 0.0)	(79.0, 0.0)	(80.0, 0.0)	(81.0, 0.0)	(82.0, 0.0)	(83.0, 0.0)	(84.0, 0.0)	(85.0, 0.0)	(86.0, 0.0)	(87.0, 0.0)	(88.0, 0.0)	(89.0, 0.0)	(90.0, 0.0)	(91.0, 0.0)	(92.0, 0.0)	(93.0, 0.0)	(94.0, 0.0)	(95.0, 0.0)	(96.0, 0.0)	(97.0, 0.0)	(98.0, 0.0)	(99.0, 0.0)	(100.0, 0.0)
ERR011078	(0.0, 0.0)	(1.0, 0.0)	(2.0, 0.0)	(3.0, 0.0)	(4.0, 0.0)	(5.0, 0.0)	(6.0, 0.0)	(7.0, 0.0)	(8.0, 0.0)	(9.0, 0.0)	(10.0, 0.0)	(11.0, 0.0)	(12.0, 0.0)	(13.0, 0.0)	(14.0, 0.0)	(15.0, 0.0)	(16.0, 0.0)	(17.0, 0.0)	(18.0, 0.0)	(19.0, 0.0)	(20.0, 0.0)	(21.0, 0.0)	(22.0, 0.0)	(23.0, 0.0)	(24.0, 0.0)	(25.0, 0.0)	(26.0, 0.0)	(27.0, 0.0)	(28.0, 0.0)	(29.0, 0.0)	(30.0, 0.0)	(31.0, 0.0)	(32.0, 0.0)	(33.0, 0.0)	(34.0, 0.0)	(35.0, 0.0)	(36.0, 0.0)	(37.0, 0.0)	(38.0, 0.0)	(39.0, 0.5)	(40.0, 1.5)	(41.0, 10.0)	(42.0, 43.0)	(43.0, 77.5)	(44.0, 106.0)	(45.0, 157.0)	(46.0, 205.0)	(47.0, 220.0)	(48.0, 236.1166666666667)	(49.0, 395.6166666666662)	(50.0, 1121.0333333333517)	(51.0, 1422.166666666651)	(52.0, 1309.9999999999964)	(53.0, 851.6666666666723)	(54.0, 470.41666666666464)	(55.0, 198.75000000000017)	(56.0, 103.5095238095237)	(57.0, 180.75000000000045)	(58.0, 148.49999999999991)	(59.0, 360.2499999999999)	(60.0, 309.0)	(61.0, 29.0)	(62.0, 1.5)	(63.0, 0.0)	(64.0, 0.0)	(65.0, 0.0)	(66.0, 0.0)	(67.0, 0.0)	(68.0, 0.0)	(69.0, 0.0)	(70.0, 0.0)	(71.0, 0.0)	(72.0, 0.0)	(73.0, 0.0)	(74.0, 0.0)	(75.0, 0.0)	(76.0, 0.0)	(77.0, 0.0)	(78.0, 0.0)	(79.0, 0.0)	(80.0, 0.0)	(81.0, 0.0)	(82.0, 0.0)	(83.0, 0.0)	(84.0, 0.0)	(85.0, 0.0)	(86.0, 0.0)	(87.0, 0.0)	(88.0, 0.0)	(89.0, 0.0)	(90.0, 0.0)	(91.0, 0.0)	(92.0, 0.0)	(93.0, 0.0)	(94.0, 0.0)	(95.0, 0.0)	(96.0, 0.0)	(97.0, 0.0)	(98.0, 0.0)	(99.0, 0.0)	(100.0, 0.0)
ERR011079	(0.0, 0.0)	(1.0, 0.0)	(2.0, 0.0)	(3.0, 0.0)	(4.0, 0.0)	(5.0, 0.0)	(6.0, 0.0)	(7.0, 0.0)	(8.0, 0.0)	(9.0, 0.0)	(10.0, 0.0)	(11.0, 0.0)	(12.0, 0.0)	(13.0, 0.0)	(14.0, 0.0)	(15.0, 0.0)	(16.0, 0.0)	(17.0, 0.0)	(18.0, 0.0)	(19.0, 0.0)	(20.0, 0.0)	(21.0, 0.0)	(22.0, 0.0)	(23.0, 0.0)	(24.0, 0.0)	(25.0, 0.0)	(26.0, 0.0)	(27.0, 0.0)	(28.0, 0.0)	(29.0, 0.0)	(30.0, 0.0)	(31.0, 0.0)	(32.0, 0.0)	(33.0, 0.0)	(34.0, 0.0)	(35.0, 0.0)	(36.0, 0.0)	(37.0, 0.0)	(38.0, 0.5)	(39.0, 2.0)	(40.0, 5.5)	(41.0, 9.5)	(42.0, 14.333333333333332)	(43.0, 18.5)	(44.0, 31.25)	(45.0, 57.0)	(46.0, 81.0)	(47.0, 108.49999999999999)	(48.0, 169.33333333333337)	(49.0, 271.2500000000002)	(50.0, 343.0833333333333)	(51.0, 384.33333333333303)	(52.0, 679.4166666666671)	(53.0, 996.7833333333388)	(54.0, 613.3666666666659)	(55.0, 431.44999999999834)	(56.0, 255.00000000000037)	(57.0, 198.7500000000006)	(58.0, 934.750000000027)	(59.0, 1265.166666666664)	(60.0, 648.6666666666666)	(61.0, 146.91666666666663)	(62.0, 71.58333333333333)	(63.0, 42.75)	(64.0, 27.0)	(65.0, 26.5)	(66.0, 18.5)	(67.0, 12.0)	(68.0, 4.5)	(69.0, 1.5)	(70.0, 3.0)	(71.0, 4.5)	(72.0, 6.5)	(73.0, 5.5)	(74.0, 1.5)	(75.0, 0.0)	(76.0, 0.0)	(77.0, 0.0)	(78.0, 0.0)	(79.0, 0.0)	(80.0, 0.0)	(81.0, 0.0)	(82.0, 0.0)	(83.0, 0.0)	(84.0, 0.0)	(85.0, 0.0)	(86.0, 0.0)	(87.0, 0.0)	(88.0, 0.0)	(89.0, 0.0)	(90.0, 0.0)	(91.0, 0.0)	(92.0, 0.0)	(93.0, 0.0)	(94.0, 0.0)	(95.0, 0.0)	(96.0, 0.0)	(97.0, 0.0)	(98.0, 0.0)	(99.0, 0.0)	(100.0, 0.0)
ERR011080	(0.0, 0.0)	(1.0, 0.0)	(2.0, 0.0)	(3.0, 0.0)	(4.0, 0.0)	(5.0, 0.0)	(6.0, 0.0)	(7.0, 0.0)	(8.0, 0.0)	(9.0, 0.0)	(10.0, 0.0)	(11.0, 0.0)	(12.0, 0.0)	(13.0, 0.0)	(14.0, 0.0)	(15.0, 0.0)	(16.0, 0.0)	(17.0, 0.0)	(18.0, 0.0)	(19.0, 0.0)	(20.0, 0.0)	(21.0, 0.0)	(22.0, 0.0)	(23.0, 0.0)	(24.0, 0.0)	(25.0, 0.0)	(26.0, 0.0)	(27.0, 0.0)	(28.0, 0.0)	(29.0, 0.0)	(30.0, 0.0)	(31.0, 0.0)	(32.0, 0.3333333333333333)	(33.0, 0.3333333333333333)	(34.0, 0.0)	(35.0, 0.0)	(36.0, 0.5)	(37.0, 1.0)	(38.0, 5.5)	(39.0, 15.0)	(40.0, 29.0)	(41.0, 64.5)	(42.0, 125.0)	(43.0, 192.5)	(44.0, 262.5)	(45.0, 437.75)	(46.0, 620.8333333333333)	(47.0, 570.8333333333333)	(48.0, 596.8333333333327)	(49.0, 2359.749999999953)	(50.0, 2303.083333333271)	(51.0, 1690.666666666619)	(52.0, 1636.8333333332916)	(53.0, 651.5833333333343)	(54.0, 314.74999999999994)	(55.0, 259.1666666666672)	(56.0, 100.49999999999991)	(57.0, 137.08333333333297)	(58.0, 149.33333333333326)	(59.0, 307.6666666666666)	(60.0, 146.16666666666669)	(61.0, 15.5)	(62.0, 5.333333333333333)	(63.0, 2.5)	(64.0, 1.0)	(65.0, 0.0)	(66.0, 0.0)	(67.0, 0.0)	(68.0, 0.0)	(69.0, 0.0)	(70.0, 0.0)	(71.0, 0.0)	(72.0, 0.0)	(73.0, 0.0)	(74.0, 0.0)	(75.0, 0.0)	(76.0, 0.0)	(77.0, 0.0)	(78.0, 0.0)	(79.0, 0.0)	(80.0, 0.0)	(81.0, 0.0)	(82.0, 0.0)	(83.0, 0.0)	(84.0, 0.0)	(85.0, 0.0)	(86.0, 0.0)	(87.0, 0.0)	(88.0, 0.0)	(89.0, 0.0)	(90.0, 0.0)	(91.0, 0.0)	(92.0, 0.0)	(93.0, 0.0)	(94.0, 0.0)	(95.0, 0.0)	(96.0, 0.0)	(97.0, 0.0)	(98.0, 0.0)	(99.0, 0.0)	(100.0, 0.0)
ERR011081	(0.0, 0.0)	(1.0, 0.0)	(2.0, 0.0)	(3.0, 0.0)	(4.0, 0.0)	(5.0, 0.0)	(6.0, 0.0)	(7.0, 0.0)	(8.0, 0.0)	(9.0, 0.0)	(10.0, 0.0)	(11.0, 0.0)	(12.0, 0.0)	(13.0, 0.0)	(14.0, 0.0)	(15.0, 0.0)	(16.0, 0.0)	(17.0, 0.0)	(18.0, 0.0)	(19.0, 0.0)	(20.0, 0.0)	(21.0, 0.0)	(22.0, 0.0)	(23.0, 0.0)	(24.0, 0.0)	(25.0, 0.0)	(26.0, 0.0)	(27.0, 0.0)	(28.0, 0.0)	(29.0, 0.0)	(30.0, 0.0)	(31.0, 0.0)	(32.0, 0.0)	(33.0, 0.0)	(34.0, 0.0)	(35.0, 0.0)	(36.0, 0.0)	(37.0, 0.0)	(38.0, 0.0)	(39.0, 0.75)	(40.0, 5.5)	(41.0, 16.5)	(42.0, 30.0)	(43.0, 45.25)	(44.0, 70.0)	(45.0, 111.33333333333333)	(46.0, 130.33333333333334)	(47.0, 128.83333333333331)	(48.0, 212.7500000000002)	(49.0, 355.33333333333286)	(50.0, 566.616666666665)	(51.0, 770.8333333333372)	(52.0, 613.4166666666664)	(53.0, 558.4999999999984)	(54.0, 740.1666666666713)	(55.0, 924.3333333333453)	(56.0, 392.99999999999955)	(57.0, 105.33333333333327)	(58.0, 34.749999999999986)	(59.0, 23.083333333333336)	(60.0, 14.166666666666668)	(61.0, 16.166666666666664)	(62.0, 14.0)	(63.0, 11.0)	(64.0, 9.0)	(65.0, 8.5)	(66.0, 4.0)	(67.0, 0.0)	(68.0, 0.0)	(69.0, 0.0)	(70.0, 0.5)	(71.0, 1.5)	(72.0, 1.0)	(73.0, 0.5)	(74.0, 1.0)	(75.0, 0.5)	(76.0, 0.0)	(77.0, 0.0)	(78.0, 0.0)	(79.0, 0.0)	(80.0, 0.0)	(81.0, 0.0)	(82.0, 0.0)	(83.0, 0.0)	(84.0, 0.0)	(85.0, 0.0)	(86.0, 0.0)	(87.0, 0.0)	(88.0, 0.0)	(89.0, 0.0)	(90.0, 0.0)	(91.0, 0.0)	(92.0, 0.0)	(93.0, 0.0)	(94.0, 0.0)	(95.0, 0.0)	(96.0, 0.0)	(97.0, 0.0)	(98.0, 0.0)	(99.0, 0.0)	(100.0, 0.0)
ERR011082	(0.0, 0.0)	(1.0, 0.0)	(2.0, 0.0)	(3.0, 0.0)	(4.0, 0.0)	(5.0, 0.0)	(6.0, 0.0)	(7.0, 0.0)	(8.0, 0.0)	(9.0, 0.0)	(10.0, 0.0)	(11.0, 0.0)	(12.0, 0.0)	(13.0, 0.0)	(14.0, 0.0)	(15.0, 0.0)	(16.0, 0.0)	(17.0, 0.0)	(18.0, 0.0)	(19.0, 0.0)	(20.0, 0.0)	(21.0, 0.0)	(22.0, 0.0)	(23.0, 0.0)	(24.0, 0.0)	(25.0, 0.0)	(26.0, 0.0)	(27.0, 0.0)	(28.0, 0.0)	(29.0, 0.0)	(30.0, 0.0)	(31.0, 0.0)	(32.0, 0.0)	(33.0, 0.0)	(34.0, 0.5)	(35.0, 1.5)	(36.0, 1.5)	(37.0, 1.0)	(38.0, 2.0)	(39.0, 6.0)	(40.0, 20.0)	(41.0, 68.5)	(42.0, 135.5)	(43.0, 194.0)	(44.0, 253.5)	(45.0, 356.0)	(46.0, 480.0)	(47.0, 502.9499999999999)	(48.0, 583.616666666666)	(49.0, 1707.4999999999443)	(50.0, 1821.416666666601)	(51.0, 1743.9166666666258)	(52.0, 1459.5333333333206)	(53.0, 631.4499999999999)	(54.0, 352.0333333333333)	(55.0, 130.74999999999997)	(56.0, 55.41666666666668)	(57.0, 59.250000000000064)	(58.0, 57.833333333333385)	(59.0, 97.91666666666664)	(60.0, 55.833333333333336)	(61.0, 8.75)	(62.0, 5.0)	(63.0, 3.5)	(64.0, 1.5)	(65.0, 0.0)	(66.0, 0.0)	(67.0, 0.0)	(68.0, 0.0)	(69.0, 0.0)	(70.0, 0.0)	(71.0, 0.0)	(72.0, 0.0)	(73.0, 0.0)	(74.0, 0.0)	(75.0, 0.0)	(76.0, 0.0)	(77.0, 0.0)	(78.0, 0.0)	(79.0, 0.0)	(80.0, 0.0)	(81.0, 0.0)	(82.0, 0.0)	(83.0, 0.0)	(84.0, 0.0)	(85.0, 0.0)	(86.0, 0.0)	(87.0, 0.0)	(88.0, 0.0)	(89.0, 0.0)	(90.0, 0.0)	(91.0, 0.0)	(92.0, 0.0)	(93.0, 0.0)	(94.0, 0.0)	(95.0, 0.0)	(96.0, 0.0)	(97.0, 0.0)	(98.0, 0.0)	(99.0, 0.0)	(100.0, 0.0)
ERR011083	(0.0, 0.0)	(1.0, 0.0)	(2.0, 0.0)	(3.0, 0.0)	(4.0, 0.0)	(5.0, 0.0)	(6.0, 0.0)	(7.0, 0.0)	(8.0, 0.0)	(9.0, 0.0)	(10.0, 0.0)	(11.0, 0.0)	(12.0, 0.0)	(13.0, 0.0)	(14.0, 0.0)	(15.0, 0.0)	(16.0, 0.0)	(17.0, 0.0)	(18.0, 0.0)	(19.0, 0.0)	(20.0, 0.0)	(21.0, 0.0)	(22.0, 0.0)	(23.0, 0.0)	(24.0, 0.0)	(25.0, 0.0)	(26.0, 0.0)	(27.0, 0.0)	(28.0, 0.0)	(29.0, 0.0)	(30.0, 0.0)	(31.0, 0.0)	(32.0, 0.5)	(33.0, 1.0)	(34.0, 1.0)	(35.0, 0.5)	(36.0, 0.0)	(37.0, 0.5)	(38.0, 2.25)	(39.0, 4.75)	(40.0, 7.75)	(41.0, 15.25)	(42.0, 32.25)	(43.0, 54.0)	(44.0, 88.5)	(45.0, 128.83333333333331)	(46.0, 141.91666666666666)	(47.0, 134.66666666666663)	(48.0, 227.66666666666708)	(49.0, 364.416666666666)	(50.0, 576.4166666666658)	(51.0, 836.8666666666726)	(52.0, 747.1666666666687)	(53.0, 507.66666666666487)	(54.0, 727.7500000000042)	(55.0, 1105.4166666666738)	(56.0, 698.1666666666683)	(57.0, 184.5000000000002)	(58.0, 70.00000000000003)	(59.0, 31.16666666666665)	(60.0, 36.50000000000001)	(61.0, 53.833333333333336)	(62.0, 53.16666666666667)	(63.0, 36.0)	(64.0, 30.25)	(65.0, 30.5)	(66.0, 19.5)	(67.0, 10.5)	(68.0, 5.0)	(69.0, 4.0)	(70.0, 7.5)	(71.0, 11.0)	(72.0, 9.5)	(73.0, 4.5)	(74.0, 2.0)	(75.0, 1.5)	(76.0, 0.5)	(77.0, 0.0)	(78.0, 0.0)	(79.0, 0.0)	(80.0, 0.0)	(81.0, 0.0)	(82.0, 0.0)	(83.0, 0.0)	(84.0, 0.0)	(85.0, 0.0)	(86.0, 0.0)	(87.0, 0.0)	(88.0, 0.0)	(89.0, 0.0)	(90.0, 0.0)	(91.0, 0.0)	(92.0, 0.0)	(93.0, 0.0)	(94.0, 0.0)	(95.0, 0.0)	(96.0, 0.0)	(97.0, 0.0)	(98.0, 0.0)	(99.0, 0.0)	(100.0, 0.0)
ERR011084	(0.0, 0.0)	(1.0, 0.0)	(2.0, 0.0)	(3.0, 0.0)	(4.0, 0.0)	(5.0, 0.0)	(6.0, 0.0)	(7.0, 0.0)	(8.0, 0.0)	(9.0, 0.0)	(10.0, 0.0)	(11.0, 0.0)	(12.0, 0.0)	(13.0, 0.0)	(14.0, 0.0)	(15.0, 0.0)	(16.0, 0.0)	(17.0, 0.0)	(18.0, 0.0)	(19.0, 0.0)	(20.0, 0.0)	(21.0, 0.0)	(22.0, 0.0)	(23.0, 0.0)	(24.0, 0.0)	(25.0, 0.0)	(26.0, 0.0)	(27.0, 0.0)	(28.0, 0.0)	(29.0, 0.0)	(30.0, 0.0)	(31.0, 0.0)	(32.0, 0.0)	(33.0, 0.0)	(34.0, 0.0)	(35.0, 0.0)	(36.0, 0.0)	(37.0, 0.0)	(38.0, 0.5)	(39.0, 3.0)	(40.0, 9.25)	(41.0, 19.5)	(42.0, 33.5)	(43.0, 55.50000000000001)	(44.0, 94.5)	(45.0, 128.33333333333334)	(46.0, 141.0)	(47.0, 152.58333333333334)	(48.0, 233.1666666666669)	(49.0, 373.08333333333286)	(50.0, 653.2500000000003)	(51.0, 869.833333333339)	(52.0, 700.0833333333355)	(53.0, 714.2500000000022)	(54.0, 808.5000000000075)	(55.0, 998.7500000000186)	(56.0, 407.9999999999992)	(57.0, 138.94999999999993)	(58.0, 54.08333333333334)	(59.0, 19.583333333333332)	(60.0, 13.333333333333334)	(61.0, 14.666666666666668)	(62.0, 12.833333333333334)	(63.0, 8.5)	(64.0, 6.0)	(65.0, 6.75)	(66.0, 4.75)	(67.0, 2.0833333333333335)	(68.0, 0.5)	(69.0, 0.0)	(70.0, 0.0)	(71.0, 0.0)	(72.0, 0.0)	(73.0, 0.0)	(74.0, 0.0)	(75.0, 0.0)	(76.0, 0.0)	(77.0, 0.0)	(78.0, 0.0)	(79.0, 0.0)	(80.0, 0.0)	(81.0, 0.0)	(82.0, 0.0)	(83.0, 0.0)	(84.0, 0.0)	(85.0, 0.0)	(86.0, 0.0)	(87.0, 0.0)	(88.0, 0.0)	(89.0, 0.0)	(90.0, 0.0)	(91.0, 0.0)	(92.0, 0.0)	(93.0, 0.0)	(94.0, 0.0)	(95.0, 0.0)	(96.0, 0.0)	(97.0, 0.0)	(98.0, 0.0)	(99.0, 0.0)	(100.0, 0.0)
ERR011085	(0.0, 0.0)	(1.0, 0.0)	(2.0, 0.0)	(3.0, 0.0)	(4.0, 0.0)	(5.0, 0.0)	(6.0, 0.0)	(7.0, 0.0)	(8.0, 0.0)	(9.0, 0.0)	(10.0, 0.0)	(11.0, 0.0)	(12.0, 0.0)	(13.0, 0.0)	(14.0, 0.0)	(15.0, 0.0)	(16.0, 0.0)	(17.0, 0.0)	(18.0, 0.0)	(19.0, 0.0)	(20.0, 0.0)	(21.0, 0.0)	(22.0, 0.0)	(23.0, 0.0)	(24.0, 0.0)	(25.0, 0.0)	(26.0, 0.0)	(27.0, 0.0)	(28.0, 0.0)	(29.0, 0.0)	(30.0, 0.0)	(31.0, 0.0)	(32.0, 0.0)	(33.0, 0.0)	(34.0, 1.0)	(35.0, 2.0)	(36.0, 1.5)	(37.0, 2.0)	(38.0, 10.0)	(39.0, 22.5)	(40.0, 33.0)	(41.0, 70.5)	(42.0, 146.5)	(43.0, 218.0)	(44.0, 310.5)	(45.0, 450.0)	(46.0, 566.3333333333333)	(47.0, 552.5)	(48.0, 535.4166666666655)	(49.0, 1555.6666666666313)	(50.0, 2093.5333333332223)	(51.0, 2049.9499999999193)	(52.0, 1879.24999999995)	(53.0, 626.9166666666666)	(54.0, 254.91666666666686)	(55.0, 102.66666666666666)	(56.0, 57.25000000000001)	(57.0, 75.66666666666667)	(58.0, 58.333333333333385)	(59.0, 98.74999999999999)	(60.0, 139.5)	(61.0, 14.25)	(62.0, 0.5)	(63.0, 0.0)	(64.0, 0.0)	(65.0, 0.0)	(66.0, 0.0)	(67.0, 0.0)	(68.0, 0.0)	(69.0, 0.0)	(70.0, 0.0)	(71.0, 0.0)	(72.0, 0.0)	(73.0, 0.0)	(74.0, 0.0)	(75.0, 0.0)	(76.0, 0.0)	(77.0, 0.0)	(78.0, 0.0)	(79.0, 0.0)	(80.0, 0.0)	(81.0, 0.0)	(82.0, 0.0)	(83.0, 0.0)	(84.0, 0.0)	(85.0, 0.0)	(86.0, 0.0)	(87.0, 0.0)	(88.0, 0.0)	(89.0, 0.0)	(90.0, 0.0)	(91.0, 0.0)	(92.0, 0.0)	(93.0, 0.0)	(94.0, 0.0)	(95.0, 0.0)	(96.0, 0.0)	(97.0, 0.0)	(98.0, 0.0)	(99.0, 0.0)	(100.0, 0.0)
ERR011086	(0.0, 0.0)	(1.0, 0.0)	(2.0, 0.0)	(3.0, 0.0)	(4.0, 0.0)	(5.0, 0.0)	(6.0, 0.0)	(7.0, 0.0)	(8.0, 0.0)	(9.0, 0.0)	(10.0, 0.0)	(11.0, 0.0)	(12.0, 0.0)	(13.0, 0.0)	(14.0, 0.0)	(15.0, 0.0)	(16.0, 0.0)	(17.0, 0.0)	(18.0, 0.0)	(19.0, 0.0)	(20.0, 0.0)	(21.0, 0.0)	(22.0, 0.0)	(23.0, 0.0)	(24.0, 0.0)	(25.0, 0.0)	(26.0, 0.0)	(27.0, 0.0)	(28.0, 0.0)	(29.0, 0.0)	(30.0, 0.0)	(31.0, 0.0)	(32.0, 0.0)	(33.0, 0.0)	(34.0, 0.0)	(35.0, 0.0)	(36.0, 0.0)	(37.0, 0.5)	(38.0, 2.5)	(39.0, 5.5)	(40.0, 14.5)	(41.0, 37.0)	(42.0, 70.0)	(43.0, 110.0)	(44.0, 164.5)	(45.0, 254.5)	(46.0, 349.0833333333333)	(47.0, 389.91666666666663)	(48.0, 492.2499999999988)	(49.0, 581.5833333333326)	(50.0, 669.4166666666681)	(51.0, 815.9166666666702)	(52.0, 786.0000000000019)	(53.0, 1022.4166666666745)	(54.0, 1843.4166666666047)	(55.0, 2059.9242424241856)	(56.0, 970.7500000000041)	(57.0, 310.24999999999994)	(58.0, 121.91666666666657)	(59.0, 42.33333333333333)	(60.0, 14.666666666666666)	(61.0, 10.0)	(62.0, 6.5)	(63.0, 2.5)	(64.0, 1.0)	(65.0, 1.5)	(66.0, 1.0)	(67.0, 0.5)	(68.0, 0.5)	(69.0, 0.0)	(70.0, 0.0)	(71.0, 0.0)	(72.0, 0.0)	(73.0, 0.0)	(74.0, 0.0)	(75.0, 0.0)	(76.0, 0.0)	(77.0, 0.0)	(78.0, 0.0)	(79.0, 0.0)	(80.0, 0.0)	(81.0, 0.0)	(82.0, 0.0)	(83.0, 0.0)	(84.0, 0.0)	(85.0, 0.0)	(86.0, 0.0)	(87.0, 0.0)	(88.0, 0.0)	(89.0, 0.0)	(90.0, 0.0)	(91.0, 0.0)	(92.0, 0.0)	(93.0, 0.0)	(94.0, 0.0)	(95.0, 0.0)	(96.0, 0.0)	(97.0, 0.0)	(98.0, 0.0)	(99.0, 0.0)	(100.0, 0.0)
