Sample	0	1	2	3	4	5	6	7	8	9	10	11	12	13	14	15	16	17	18	19	20	21	22	23	24	25	26	27	28	29	30	31	32	33	34	35	36	37	38	39	40	41	42	43	44	45	46	47	48	49	50	51	52	53	54	55	56	57	58	59	60	61	62	63	64	65	66	67	68	69	70	71	72	73	74	75	76	77	78	79	80	81	82	83	84	85	86	87	88	89	90	91	92	93	94	95	96	97	98	99	100
ERR011058	(0.0, 0.0)	(1.0, 0.0)	(2.0, 0.0)	(3.0, 0.0)	(4.0, 0.0)	(5.0, 0.0)	(6.0, 0.0)	(7.0, 0.0)	(8.0, 0.0)	(9.0, 0.0)	(10.0, 0.0)	(11.0, 0.0)	(12.0, 0.0)	(13.0, 0.0)	(14.0, 0.0)	(15.0, 0.0)	(16.0, 0.0)	(17.0, 0.0)	(18.0, 0.0)	(19.0, 0.0)	(20.0, 0.0)	(21.0, 0.0)	(22.0, 0.0)	(23.0, 0.0)	(24.0, 0.0)	(25.0, 0.0)	(26.0, 0.0)	(27.0, 0.0)	(28.0, 0.0)	(29.0, 0.0)	(30.0, 0.0)	(31.0, 0.0)	(32.0, 0.0)	(33.0, 0.0032847314732020703)	(34.0, 0.006569462946404141)	(35.0, 0.0032847314732020703)	(36.0, 0.0032847314732020703)	(37.0, 0.009854194419606211)	(38.0, 0.009854194419606211)	(39.0, 0.009854194419606211)	(40.0, 0.04927097209803105)	(41.0, 0.1346739904012849)	(42.0, 0.21679227723133665)	(43.0, 0.28577163816858014)	(44.0, 0.42701509151626915)	(45.0, 0.7095019982116472)	(46.0, 1.082319020420082)	(47.0, 1.3511195459771184)	(48.0, 1.8412744758116055)	(49.0, 3.21027755980948)	(50.0, 4.029270607127874)	(51.0, 4.8997244475264345)	(52.0, 4.9095786419460365)	(53.0, 5.201919743061022)	(54.0, 14.986587346484065)	(55.0, 32.00861329586381)	(56.0, 14.345517253964019)	(57.0, 4.506104125987708)	(58.0, 1.5120713881640202)	(59.0, 0.5781127392835644)	(60.0, 0.14069599810215536)	(61.0, 0.045986240624828985)	(62.0, 0.029562583258818633)	(63.0, 0.013138925892808281)	(64.0, 0.009854194419606211)	(65.0, 0.01642365736601035)	(66.0, 0.022993120312414492)	(67.0, 0.03613204620522278)	(68.0, 0.08540301830325382)	(69.0, 0.1675213051333056)	(70.0, 0.23650066607054906)	(71.0, 0.37117465647183395)	(72.0, 0.5879669337031707)	(73.0, 0.6930783408456368)	(74.0, 0.5288417671855333)	(75.0, 0.3350426102666112)	(76.0, 0.20365335133852835)	(77.0, 0.07554882388364761)	(78.0, 0.03613204620522278)	(79.0, 0.019708388839212422)	(80.0, 0.009854194419606211)	(81.0, 0.0032847314732020703)	(82.0, 0.0)	(83.0, 0.0)	(84.0, 0.0)	(85.0, 0.0)	(86.0, 0.0)	(87.0, 0.0)	(88.0, 0.0)	(89.0, 0.0)	(90.0, 0.0)	(91.0, 0.0)	(92.0, 0.0)	(93.0, 0.0)	(94.0, 0.0)	(95.0, 0.0)	(96.0, 0.0)	(97.0, 0.0)	(98.0, 0.0)	(99.0, 0.0)	(100.0, 0.0)
ERR011059	(0.0, 0.0)	(1.0, 0.0)	(2.0, 0.0)	(3.0, 0.0)	(4.0, 0.0)	(5.0, 0.0)	(6.0, 0.0)	(7.0, 0.0)	(8.0, 0.0)	(9.0, 0.0)	(10.0, 0.0)	(11.0, 0.0)	(12.0, 0.0)	(13.0, 0.0)	(14.0, 0.0)	(15.0, 0.0)	(16.0, 0.0)	(17.0, 0.0)	(18.0, 0.0)	(19.0, 0.0)	(20.0, 0.0)	(21.0, 0.0)	(22.0, 0.0)	(23.0, 0.0)	(24.0, 0.0)	(25.0, 0.0)	(26.0, 0.0)	(27.0, 0.0)	(28.0, 0.0)	(29.0, 0.0)	(30.0, 0.0)	(31.0, 0.0)	(32.0, 0.0)	(33.0, 0.0)	(34.0, 0.0)	(35.0, 0.0)	(36.0, 0.0)	(37.0, 0.0)	(38.0, 0.05082699760689558)	(39.0, 0.1588343675215487)	(40.0, 0.28590186153878766)	(41.0, 0.6671043435905045)	(42.0, 1.2770283148732515)	(43.0, 1.8602681124123783)	(44.0, 2.3659967386009892)	(45.0, 3.100446854020631)	(46.0, 4.060865329634263)	(47.0, 4.154048158580235)	(48.0, 4.6930261123700205)	(49.0, 15.033566996336384)	(50.0, 18.155191766026146)	(51.0, 15.646244096656014)	(52.0, 14.95690294161256)	(53.0, 6.875410322116067)	(54.0, 2.6567695207437727)	(55.0, 1.8361252885491028)	(56.0, 0.6639276562400735)	(57.0, 0.2774306952709718)	(58.0, 0.24566382176666193)	(59.0, 0.5432135369236967)	(60.0, 0.37167242000042394)	(61.0, 0.03176687350430974)	(62.0, 0.012706749401723895)	(63.0, 0.012706749401723895)	(64.0, 0.006353374700861948)	(65.0, 0.0)	(66.0, 0.0)	(67.0, 0.0)	(68.0, 0.0)	(69.0, 0.0)	(70.0, 0.0)	(71.0, 0.0)	(72.0, 0.0)	(73.0, 0.0)	(74.0, 0.0)	(75.0, 0.0)	(76.0, 0.0)	(77.0, 0.0)	(78.0, 0.0)	(79.0, 0.0)	(80.0, 0.0)	(81.0, 0.0)	(82.0, 0.0)	(83.0, 0.0)	(84.0, 0.0)	(85.0, 0.0)	(86.0, 0.0)	(87.0, 0.0)	(88.0, 0.0)	(89.0, 0.0)	(90.0, 0.0)	(91.0, 0.0)	(92.0, 0.0)	(93.0, 0.0)	(94.0, 0.0)	(95.0, 0.0)	(96.0, 0.0)	(97.0, 0.0)	(98.0, 0.0)	(99.0, 0.0)	(100.0, 0.0)
ERR011060	(0.0, 0.0)	(1.0, 0.0)	(2.0, 0.0)	(3.0, 0.0)	(4.0, 0.0)	(5.0, 0.0)	(6.0, 0.0)	(7.0, 0.0)	(8.0, 0.0)	(9.0, 0.0)	(10.0, 0.0)	(11.0, 0.0)	(12.0, 0.0)	(13.0, 0.0)	(14.0, 0.0)	(15.0, 0.0)	(16.0, 0.0)	(17.0, 0.0)	(18.0, 0.0)	(19.0, 0.0)	(20.0, 0.0)	(21.0, 0.0)	(22.0, 0.0)	(23.0, 0.0)	(24.0, 0.0)	(25.0, 0.0)	(26.0, 0.0)	(27.0, 0.0)	(28.0, 0.0)	(29.0, 0.0)	(30.0, 0.0)	(31.0, 0.0)	(32.0, 0.0)	(33.0, 0.0)	(34.0, 0.0)	(35.0, 0.0)	(36.0, 0.0)	(37.0, 0.0048274042082089574)	(38.0, 0.014482212624626872)	(39.0, 0.01930961683283583)	(40.0, 0.028964425249253745)	(41.0, 0.05792885049850749)	(42.0, 0.10137548837238812)	(43.0, 0.13033991362164185)	(44.0, 0.2075783809529852)	(45.0, 0.47308561240447783)	(46.0, 0.8544505448529854)	(47.0, 0.9686991111139308)	(48.0, 1.2575387962384328)	(49.0, 2.6309352934738897)	(50.0, 2.6180622155853284)	(51.0, 3.4532031436054695)	(52.0, 4.034100783326611)	(53.0, 4.437993602080096)	(54.0, 15.944433359292882)	(55.0, 37.892709332340935)	(56.0, 12.700095904429725)	(57.0, 2.130494390556221)	(58.0, 0.45377599557164205)	(59.0, 0.18183222517587078)	(60.0, 0.07723846733134332)	(61.0, 0.0675836589149254)	(62.0, 0.03861923366567166)	(63.0, 0.01930961683283583)	(64.0, 0.01930961683283583)	(65.0, 0.028964425249253745)	(66.0, 0.05792885049850749)	(67.0, 0.09654808416417915)	(68.0, 0.17861395570373143)	(69.0, 0.3765375282402987)	(70.0, 0.6613543765246273)	(71.0, 1.0813385426388065)	(72.0, 1.6123530055417916)	(73.0, 1.8488958117440308)	(74.0, 1.4433938582544783)	(75.0, 0.8978971827268662)	(76.0, 0.5020500376537316)	(77.0, 0.18826876412014934)	(78.0, 0.07723846733134332)	(79.0, 0.05310144629029854)	(80.0, 0.048274042082089574)	(81.0, 0.024137021041044787)	(82.0, 0.0048274042082089574)	(83.0, 0.0)	(84.0, 0.0)	(85.0, 0.0)	(86.0, 0.0)	(87.0, 0.0)	(88.0, 0.0)	(89.0, 0.0)	(90.0, 0.0)	(91.0, 0.0)	(92.0, 0.0)	(93.0, 0.0)	(94.0, 0.0)	(95.0, 0.0)	(96.0, 0.0)	(97.0, 0.0)	(98.0, 0.0)	(99.0, 0.0)	(100.0, 0.0)
ERR011061	(0.0, 0.0)	(1.0, 0.0)	(2.0, 0.0)	(3.0, 0.0)	(4.0, 0.0)	(5.0, 0.0)	(6.0, 0.0)	(7.0, 0.0)	(8.0, 0.0)	(9.0, 0.0)	(10.0, 0.0)	(11.0, 0.0)	(12.0, 0.0)	(13.0, 0.0)	(14.0, 0.0)	(15.0, 0.0)	(16.0, 0.0)	(17.0, 0.0)	(18.0, 0.0)	(19.0, 0.0)	(20.0, 0.0)	(21.0, 0.0)	(22.0, 0.0)	(23.0, 0.0)	(24.0, 0.0)	(25.0, 0.0)	(26.0, 0.0)	(27.0, 0.0)	(28.0, 0.0)	(29.0, 0.0)	(30.0, 0.0)	(31.0, 0.0)	(32.0, 0.0)	(33.0, 0.0)	(34.0, 0.0)	(35.0, 0.0)	(36.0, 0.015660426276803256)	(37.0, 0.036540994645874264)	(38.0, 0.026100710461338758)	(39.0, 0.04176113673814201)	(40.0, 0.1305035523066938)	(41.0, 0.4071710831968846)	(42.0, 1.0022672817154084)	(43.0, 1.868810869031855)	(44.0, 2.714473887979231)	(45.0, 4.948694703469829)	(46.0, 7.31341907126712)	(47.0, 5.960532245687728)	(48.0, 4.966965200792741)	(49.0, 27.756365528270244)	(50.0, 17.467465464409187)	(51.0, 9.043374160644815)	(52.0, 7.646638141490274)	(53.0, 4.744239138189326)	(54.0, 1.0588188210483092)	(55.0, 0.5507249907342477)	(56.0, 0.26796729406974457)	(57.0, 0.3514895675460284)	(58.0, 0.39238068060212594)	(59.0, 0.8909042504136963)	(60.0, 0.3236488097206006)	(61.0, 0.06264170510721302)	(62.0, 0.010440284184535503)	(63.0, 0.0)	(64.0, 0.0)	(65.0, 0.0)	(66.0, 0.0)	(67.0, 0.0)	(68.0, 0.0)	(69.0, 0.0)	(70.0, 0.0)	(71.0, 0.0)	(72.0, 0.0)	(73.0, 0.0)	(74.0, 0.0)	(75.0, 0.0)	(76.0, 0.0)	(77.0, 0.0)	(78.0, 0.0)	(79.0, 0.0)	(80.0, 0.0)	(81.0, 0.0)	(82.0, 0.0)	(83.0, 0.0)	(84.0, 0.0)	(85.0, 0.0)	(86.0, 0.0)	(87.0, 0.0)	(88.0, 0.0)	(89.0, 0.0)	(90.0, 0.0)	(91.0, 0.0)	(92.0, 0.0)	(93.0, 0.0)	(94.0, 0.0)	(95.0, 0.0)	(96.0, 0.0)	(97.0, 0.0)	(98.0, 0.0)	(99.0, 0.0)	(100.0, 0.0)
ERR011062	(0.0, 0.0)	(1.0, 0.0)	(2.0, 0.0)	(3.0, 0.0)	(4.0, 0.0)	(5.0, 0.0)	(6.0, 0.0)	(7.0, 0.0)	(8.0, 0.0)	(9.0, 0.0)	(10.0, 0.0)	(11.0, 0.0)	(12.0, 0.0)	(13.0, 0.0)	(14.0, 0.0)	(15.0, 0.0)	(16.0, 0.0)	(17.0, 0.0)	(18.0, 0.0)	(19.0, 0.0)	(20.0, 0.0)	(21.0, 0.0)	(22.0, 0.0)	(23.0, 0.0)	(24.0, 0.0)	(25.0, 0.0)	(26.0, 0.0)	(27.0, 0.0)	(28.0, 0.0)	(29.0, 0.0)	(30.0, 0.0)	(31.0, 0.0)	(32.0, 0.0)	(33.0, 0.0)	(34.0, 0.0)	(35.0, 0.0)	(36.0, 0.0)	(37.0, 0.0)	(38.0, 0.0)	(39.0, 0.01147755325345663)	(40.0, 0.03443265976036989)	(41.0, 0.07460409614746809)	(42.0, 0.13199186241475125)	(43.0, 0.16929391048848527)	(44.0, 0.2812000547096874)	(45.0, 0.5394450029124617)	(46.0, 0.8278185284055594)	(47.0, 0.9698532499170851)	(48.0, 1.3117886905929816)	(49.0, 2.142954838697463)	(50.0, 2.5551902930507797)	(51.0, 3.789027267797368)	(52.0, 4.261519876731336)	(53.0, 4.771027594907711)	(54.0, 17.68499663803525)	(55.0, 38.77806142212204)	(56.0, 13.086801865868045)	(57.0, 2.9755556809586228)	(58.0, 0.795298794187432)	(59.0, 0.2773742036252019)	(60.0, 0.09995035958218482)	(61.0, 0.028693883133641577)	(62.0, 0.014346941566820788)	(63.0, 0.02582449482027742)	(64.0, 0.040171436387098206)	(65.0, 0.03443265976036989)	(66.0, 0.02582449482027742)	(67.0, 0.04304082470046237)	(68.0, 0.09755920265438135)	(69.0, 0.200857181935491)	(70.0, 0.3357184326636064)	(71.0, 0.5308368379723691)	(72.0, 0.7403021848479526)	(73.0, 0.8120368926820566)	(74.0, 0.6312654289401146)	(75.0, 0.41032252881107456)	(76.0, 0.24676739494931757)	(77.0, 0.09755920265438135)	(78.0, 0.040171436387098206)	(79.0, 0.02295510650691326)	(80.0, 0.02582449482027742)	(81.0, 0.017216329880184945)	(82.0, 0.005738776626728315)	(83.0, 0.0028693883133641576)	(84.0, 0.0)	(85.0, 0.0)	(86.0, 0.0)	(87.0, 0.0)	(88.0, 0.0)	(89.0, 0.0)	(90.0, 0.0)	(91.0, 0.0)	(92.0, 0.0)	(93.0, 0.0)	(94.0, 0.0)	(95.0, 0.0)	(96.0, 0.0)	(97.0, 0.0)	(98.0, 0.0)	(99.0, 0.0)	(100.0, 0.0)
ERR011063	(0.0, 0.0)	(1.0, 0.0)	(2.0, 0.0)	(3.0, 0.0)	(4.0, 0.0)	(5.0, 0.0)	(6.0, 0.0)	(7.0, 0.0)	(8.0, 0.0)	(9.0, 0.0)	(10.0, 0.0)	(11.0, 0.0)	(12.0, 0.0)	(13.0, 0.0)	(14.0, 0.0)	(15.0, 0.0)	(16.0, 0.0)	(17.0, 0.0)	(18.0, 0.0)	(19.0, 0.0)	(20.0, 0.0)	(21.0, 0.0)	(22.0, 0.0)	(23.0, 0.0)	(24.0, 0.0)	(25.0, 0.0)	(26.0, 0.0)	(27.0, 0.0)	(28.0, 0.0)	(29.0, 0.0)	(30.0, 0.0)	(31.0, 0.0)	(32.0, 0.006540527914038794)	(33.0, 0.006540527914038794)	(34.0, 0.0)	(35.0, 0.006540527914038794)	(36.0, 0.013081055828077589)	(37.0, 0.026162111656155177)	(38.0, 0.05886475122634915)	(39.0, 0.13081055828077587)	(40.0, 0.41859378649848283)	(41.0, 0.9156739079654311)	(42.0, 1.4284512964260725)	(43.0, 2.0733473487502976)	(44.0, 3.1819668301798734)	(45.0, 4.964260686755445)	(46.0, 5.288016818500365)	(47.0, 4.167406369228386)	(48.0, 5.95188040177527)	(49.0, 11.270419683874666)	(50.0, 18.097422720548032)	(51.0, 22.36860546601233)	(52.0, 12.526325624854165)	(53.0, 3.3001323678268446)	(54.0, 1.5860780191544073)	(55.0, 0.9265747878221627)	(56.0, 0.2507202367048204)	(57.0, 0.20166627734952955)	(58.0, 0.20166627734952955)	(59.0, 0.3510083313867486)	(60.0, 0.238729268862416)	(61.0, 0.00981079187105819)	(62.0, 0.01962158374211638)	(63.0, 0.013081055828077589)	(64.0, 0.0)	(65.0, 0.0)	(66.0, 0.0)	(67.0, 0.0)	(68.0, 0.0)	(69.0, 0.0)	(70.0, 0.0)	(71.0, 0.0)	(72.0, 0.0)	(73.0, 0.0)	(74.0, 0.0)	(75.0, 0.0)	(76.0, 0.0)	(77.0, 0.0)	(78.0, 0.0)	(79.0, 0.0)	(80.0, 0.0)	(81.0, 0.0)	(82.0, 0.0)	(83.0, 0.0)	(84.0, 0.0)	(85.0, 0.0)	(86.0, 0.0)	(87.0, 0.0)	(88.0, 0.0)	(89.0, 0.0)	(90.0, 0.0)	(91.0, 0.0)	(92.0, 0.0)	(93.0, 0.0)	(94.0, 0.0)	(95.0, 0.0)	(96.0, 0.0)	(97.0, 0.0)	(98.0, 0.0)	(99.0, 0.0)	(100.0, 0.0)
ERR011064	(0.0, 0.0)	(1.0, 0.0)	(2.0, 0.0)	(3.0, 0.0)	(4.0, 0.0)	(5.0, 0.0)	(6.0, 0.0)	(7.0, 0.0)	(8.0, 0.0)	(9.0, 0.0)	(10.0, 0.0)	(11.0, 0.0)	(12.0, 0.0)	(13.0, 0.0)	(14.0, 0.0)	(15.0, 0.0)	(16.0, 0.0)	(17.0, 0.0)	(18.0, 0.0)	(19.0, 0.0)	(20.0, 0.0)	(21.0, 0.0)	(22.0, 0.0)	(23.0, 0.0)	(24.0, 0.0)	(25.0, 0.0)	(26.0, 0.0)	(27.0, 0.0)	(28.0, 0.0)	(29.0, 0.0)	(30.0, 0.0)	(31.0, 0.0)	(32.0, 0.0)	(33.0, 0.0)	(34.0, 0.0)	(35.0, 0.0)	(36.0, 0.003993360372820069)	(37.0, 0.007986720745640137)	(38.0, 0.007986720745640137)	(39.0, 0.019966801864100343)	(40.0, 0.04392696410102076)	(41.0, 0.10382736969332179)	(42.0, 0.26356178460612456)	(43.0, 0.5131468079073789)	(44.0, 0.9164762055622058)	(45.0, 1.5680595063940137)	(46.0, 2.2189772471636853)	(47.0, 2.3520892595910206)	(48.0, 2.667564729043806)	(49.0, 5.018322868510546)	(50.0, 5.307175935477875)	(51.0, 6.793371554229119)	(52.0, 8.207287350232303)	(53.0, 7.202025432381022)	(54.0, 14.077260874252431)	(55.0, 25.63937027369293)	(56.0, 10.098542822799844)	(57.0, 2.9457688350169335)	(58.0, 0.9630654099117727)	(59.0, 0.39001819641209357)	(60.0, 0.10249624956904843)	(61.0, 0.05990040559230103)	(62.0, 0.039933603728200685)	(63.0, 0.039933603728200685)	(64.0, 0.04392696410102076)	(65.0, 0.04392696410102076)	(66.0, 0.027953522609740482)	(67.0, 0.03594024335538062)	(68.0, 0.07188048671076123)	(69.0, 0.13577425267588236)	(70.0, 0.18768793752254326)	(71.0, 0.24359498274202418)	(72.0, 0.3713825146722664)	(73.0, 0.4672231636199481)	(74.0, 0.3713825146722664)	(75.0, 0.21164809975946366)	(76.0, 0.10382736969332179)	(77.0, 0.03594024335538062)	(78.0, 0.015973441491280275)	(79.0, 0.015973441491280275)	(80.0, 0.023960162236920414)	(81.0, 0.015973441491280275)	(82.0, 0.003993360372820069)	(83.0, 0.0)	(84.0, 0.0)	(85.0, 0.0)	(86.0, 0.0)	(87.0, 0.0)	(88.0, 0.0)	(89.0, 0.0)	(90.0, 0.0)	(91.0, 0.0)	(92.0, 0.0)	(93.0, 0.0)	(94.0, 0.0)	(95.0, 0.0)	(96.0, 0.0)	(97.0, 0.0)	(98.0, 0.0)	(99.0, 0.0)	(100.0, 0.0)
ERR011065	(0.0, 0.0)	(1.0, 0.0)	(2.0, 0.0)	(3.0, 0.0)	(4.0, 0.0)	(5.0, 0.0)	(6.0, 0.0)	(7.0, 0.0)	(8.0, 0.0)	(9.0, 0.0)	(10.0, 0.0)	(11.0, 0.0)	(12.0, 0.0)	(13.0, 0.0)	(14.0, 0.0)	(15.0, 0.0)	(16.0, 0.0)	(17.0, 0.0)	(18.0, 0.0)	(19.0, 0.0)	(20.0, 0.0)	(21.0, 0.0)	(22.0, 0.0)	(23.0, 0.0)	(24.0, 0.0)	(25.0, 0.0)	(26.0, 0.0)	(27.0, 0.0)	(28.0, 0.0)	(29.0, 0.0)	(30.0, 0.0)	(31.0, 0.0)	(32.0, 0.0)	(33.0, 0.0)	(34.0, 0.0)	(35.0, 0.0)	(36.0, 0.0)	(37.0, 0.0)	(38.0, 0.0)	(39.0, 0.008489353844959831)	(40.0, 0.046691446147279075)	(41.0, 0.16129772305423679)	(42.0, 0.4499357537828711)	(43.0, 0.963541661402941)	(44.0, 1.6342006151547677)	(45.0, 2.432199876580992)	(46.0, 3.7862518148520854)	(47.0, 4.502187322443697)	(48.0, 4.412341660917862)	(49.0, 10.507980700060578)	(50.0, 13.137841031998018)	(51.0, 13.899194582660106)	(52.0, 14.588530114870752)	(53.0, 10.162746977032214)	(54.0, 3.861746425830464)	(55.0, 2.42215414119779)	(56.0, 1.0307490460088728)	(57.0, 1.4948337228666786)	(58.0, 2.4081467073536134)	(59.0, 3.478512737972285)	(60.0, 4.03032073789468)	(61.0, 0.5164356922350565)	(62.0, 0.05093612306975899)	(63.0, 0.012734030767439748)	(64.0, 0.0)	(65.0, 0.0)	(66.0, 0.0)	(67.0, 0.0)	(68.0, 0.0)	(69.0, 0.0)	(70.0, 0.0)	(71.0, 0.0)	(72.0, 0.0)	(73.0, 0.0)	(74.0, 0.0)	(75.0, 0.0)	(76.0, 0.0)	(77.0, 0.0)	(78.0, 0.0)	(79.0, 0.0)	(80.0, 0.0)	(81.0, 0.0)	(82.0, 0.0)	(83.0, 0.0)	(84.0, 0.0)	(85.0, 0.0)	(86.0, 0.0)	(87.0, 0.0)	(88.0, 0.0)	(89.0, 0.0)	(90.0, 0.0)	(91.0, 0.0)	(92.0, 0.0)	(93.0, 0.0)	(94.0, 0.0)	(95.0, 0.0)	(96.0, 0.0)	(97.0, 0.0)	(98.0, 0.0)	(99.0, 0.0)	(100.0, 0.0)
ERR011066	(0.0, 0.0)	(1.0, 0.0)	(2.0, 0.0)	(3.0, 0.0)	(4.0, 0.0)	(5.0, 0.0)	(6.0, 0.0)	(7.0, 0.0)	(8.0, 0.0)	(9.0, 0.0)	(10.0, 0.0)	(11.0, 0.0)	(12.0, 0.0)	(13.0, 0.0)	(14.0, 0.0)	(15.0, 0.0)	(16.0, 0.0)	(17.0, 0.0)	(18.0, 0.0)	(19.0, 0.0)	(20.0, 0.0)	(21.0, 0.0)	(22.0, 0.0)	(23.0, 0.0)	(24.0, 0.0)	(25.0, 0.0)	(26.0, 0.0)	(27.0, 0.0)	(28.0, 0.0)	(29.0, 0.0)	(30.0, 0.0)	(31.0, 0.0)	(32.0, 0.0)	(33.0, 0.0)	(34.0, 0.0)	(35.0, 0.0)	(36.0, 0.0)	(37.0, 0.0)	(38.0, 0.005474332678846301)	(39.0, 0.010948665357692603)	(40.0, 0.016422998036538905)	(41.0, 0.060217659467309316)	(42.0, 0.14233264965000386)	(43.0, 0.19707597643846686)	(44.0, 0.24087063786923726)	(45.0, 0.40510061823462634)	(46.0, 0.7226119136077118)	(47.0, 0.8959657817711779)	(48.0, 1.217126632263494)	(49.0, 1.9160164375962068)	(50.0, 2.3515908410764106)	(51.0, 2.927855594402965)	(52.0, 3.6276577885154815)	(53.0, 4.613037670707813)	(54.0, 14.877411443544512)	(55.0, 36.032970080948985)	(56.0, 14.211367634284983)	(57.0, 2.9561396465770056)	(58.0, 0.818412735487522)	(59.0, 0.3293723495105858)	(60.0, 0.14324503842981157)	(61.0, 0.0857645453019254)	(62.0, 0.054743326788463026)	(63.0, 0.054743326788463026)	(64.0, 0.049268994109616715)	(65.0, 0.06569199214615562)	(66.0, 0.10948665357692605)	(67.0, 0.18065297840192795)	(68.0, 0.37225462216154853)	(69.0, 0.6623942541404024)	(70.0, 1.0291745436231048)	(71.0, 1.4835441559673477)	(72.0, 1.762735122588509)	(73.0, 1.7025174631212)	(74.0, 1.3466858389961902)	(75.0, 0.9689568841557954)	(76.0, 0.6295482580673247)	(77.0, 0.3229856280519318)	(78.0, 0.19707597643846686)	(79.0, 0.11496098625577233)	(80.0, 0.049268994109616715)	(81.0, 0.021897330715385206)	(82.0, 0.010948665357692603)	(83.0, 0.005474332678846301)	(84.0, 0.0)	(85.0, 0.0)	(86.0, 0.0)	(87.0, 0.0)	(88.0, 0.0)	(89.0, 0.0)	(90.0, 0.0)	(91.0, 0.0)	(92.0, 0.0)	(93.0, 0.0)	(94.0, 0.0)	(95.0, 0.0)	(96.0, 0.0)	(97.0, 0.0)	(98.0, 0.0)	(99.0, 0.0)	(100.0, 0.0)
ERR011067	(0.0, 0.0)	(1.0, 0.0)	(2.0, 0.0)	(3.0, 0.0)	(4.0, 0.0)	(5.0, 0.0)	(6.0, 0.0)	(7.0, 0.0)	(8.0, 0.0)	(9.0, 0.0)	(10.0, 0.0)	(11.0, 0.0)	(12.0, 0.0)	(13.0, 0.0)	(14.0, 0.0)	(15.0, 0.0)	(16.0, 0.0)	(17.0, 0.0)	(18.0, 0.0)	(19.0, 0.0)	(20.0, 0.0)	(21.0, 0.0)	(22.0, 0.0)	(23.0, 0.0)	(24.0, 0.0)	(25.0, 0.0)	(26.0, 0.0)	(27.0, 0.0)	(28.0, 0.0)	(29.0, 0.0)	(30.0, 0.0)	(31.0, 0.0)	(32.0, 0.0)	(33.0, 0.0)	(34.0, 0.0)	(35.0, 0.0)	(36.0, 0.0071708662047831285)	(37.0, 0.014341732409566257)	(38.0, 0.01792716551195782)	(39.0, 0.014341732409566257)	(40.0, 0.025098031716740944)	(41.0, 0.0681232289454397)	(42.0, 0.12549015858370474)	(43.0, 0.1960036762640722)	(44.0, 0.25695603900472874)	(45.0, 0.43025197228698764)	(46.0, 0.7170866204783127)	(47.0, 0.7983564374658549)	(48.0, 0.9602984992572067)	(49.0, 2.3633979866597743)	(50.0, 2.577328828435801)	(51.0, 3.230475225254792)	(52.0, 4.119065062464166)	(53.0, 5.19469499318165)	(54.0, 10.446756916001434)	(55.0, 21.88548365699924)	(56.0, 8.363022711328394)	(57.0, 5.373369076117553)	(58.0, 3.7924321068362605)	(59.0, 5.842104697036827)	(60.0, 9.534861763626632)	(61.0, 1.2537064414695835)	(62.0, 0.16732021144493966)	(63.0, 0.07708681170141862)	(64.0, 0.06095236274065659)	(65.0, 0.05019606343348189)	(66.0, 0.10039212686696378)	(67.0, 0.19002795442675288)	(68.0, 0.34420157782959016)	(69.0, 0.5736692963826502)	(70.0, 0.8712602438811501)	(71.0, 1.487954737492499)	(72.0, 2.276750020018643)	(73.0, 2.542072069595619)	(74.0, 1.8034728505029567)	(75.0, 1.0146775679768125)	(76.0, 0.5378149653587346)	(77.0, 0.13983189099327098)	(78.0, 0.0681232289454397)	(79.0, 0.0394397641263072)	(80.0, 0.028683464819132514)	(81.0, 0.014341732409566257)	(82.0, 0.0035854331023915643)	(83.0, 0.0)	(84.0, 0.0)	(85.0, 0.0)	(86.0, 0.0)	(87.0, 0.0)	(88.0, 0.0)	(89.0, 0.0)	(90.0, 0.0)	(91.0, 0.0)	(92.0, 0.0)	(93.0, 0.0)	(94.0, 0.0)	(95.0, 0.0)	(96.0, 0.0)	(97.0, 0.0)	(98.0, 0.0)	(99.0, 0.0)	(100.0, 0.0)
ERR011068	(0.0, 0.0)	(1.0, 0.0)	(2.0, 0.0)	(3.0, 0.0)	(4.0, 0.0)	(5.0, 0.0)	(6.0, 0.0)	(7.0, 0.0)	(8.0, 0.0)	(9.0, 0.0)	(10.0, 0.0)	(11.0, 0.0)	(12.0, 0.0)	(13.0, 0.0)	(14.0, 0.0)	(15.0, 0.0)	(16.0, 0.0)	(17.0, 0.0)	(18.0, 0.0)	(19.0, 0.0)	(20.0, 0.0)	(21.0, 0.0)	(22.0, 0.0)	(23.0, 0.0)	(24.0, 0.0)	(25.0, 0.0)	(26.0, 0.0)	(27.0, 0.0)	(28.0, 0.0)	(29.0, 0.0)	(30.0, 0.0)	(31.0, 0.0)	(32.0, 0.0)	(33.0, 0.0)	(34.0, 0.0)	(35.0, 0.0)	(36.0, 0.0038289090289502915)	(37.0, 0.007657818057900583)	(38.0, 0.007657818057900583)	(39.0, 0.01914454514475146)	(40.0, 0.03446018126055263)	(41.0, 0.09955163475270758)	(42.0, 0.2335634507659678)	(43.0, 0.3828909028950292)	(44.0, 0.6279410807478478)	(45.0, 1.0338054378165789)	(46.0, 1.5213531875029158)	(47.0, 1.7389628506482575)	(48.0, 2.2201290852863447)	(49.0, 4.578737047119712)	(50.0, 4.791241498226462)	(51.0, 5.803349784879015)	(52.0, 5.400676185334394)	(53.0, 5.33430842883259)	(54.0, 16.398196328585676)	(55.0, 33.62854221946762)	(56.0, 9.739468266639905)	(57.0, 2.118024844514339)	(58.0, 0.6709524921730562)	(59.0, 0.2820629651326715)	(60.0, 0.0995516347527076)	(61.0, 0.06509145349215496)	(62.0, 0.05743363543425437)	(63.0, 0.03446018126055263)	(64.0, 0.011486727086850876)	(65.0, 0.02297345417370175)	(66.0, 0.030631272231602332)	(67.0, 0.0459469083474035)	(68.0, 0.08806490766585671)	(69.0, 0.16847199727381285)	(70.0, 0.2565369049396696)	(71.0, 0.3637463577502777)	(72.0, 0.5015870827924882)	(73.0, 0.5475339911398918)	(74.0, 0.4364956293003332)	(75.0, 0.2909970862002222)	(76.0, 0.16081417921591226)	(77.0, 0.05743363543425437)	(78.0, 0.030631272231602332)	(79.0, 0.02680236320265204)	(80.0, 0.01914454514475146)	(81.0, 0.007657818057900583)	(82.0, 0.0)	(83.0, 0.0)	(84.0, 0.0)	(85.0, 0.0)	(86.0, 0.0)	(87.0, 0.0)	(88.0, 0.0)	(89.0, 0.0)	(90.0, 0.0)	(91.0, 0.0)	(92.0, 0.0)	(93.0, 0.0)	(94.0, 0.0)	(95.0, 0.0)	(96.0, 0.0)	(97.0, 0.0)	(98.0, 0.0)	(99.0, 0.0)	(100.0, 0.0)
ERR011069	(0.0, 0.0)	(1.0, 0.0)	(2.0, 0.0)	(3.0, 0.0)	(4.0, 0.0)	(5.0, 0.0)	(6.0, 0.0)	(7.0, 0.0)	(8.0, 0.0)	(9.0, 0.0)	(10.0, 0.0)	(11.0, 0.0)	(12.0, 0.0)	(13.0, 0.0)	(14.0, 0.0)	(15.0, 0.0)	(16.0, 0.0)	(17.0, 0.0)	(18.0, 0.0)	(19.0, 0.0)	(20.0, 0.0)	(21.0, 0.0)	(22.0, 0.0)	(23.0, 0.0)	(24.0, 0.0)	(25.0, 0.0)	(26.0, 0.0)	(27.0, 0.0)	(28.0, 0.0)	(29.0, 0.0)	(30.0, 0.0)	(31.0, 0.0)	(32.0, 0.0)	(33.0, 0.0)	(34.0, 0.0)	(35.0, 0.0)	(36.0, 0.0)	(37.0, 0.0)	(38.0, 0.01191885642545555)	(39.0, 0.02979714106363887)	(40.0, 0.0953508514036444)	(41.0, 0.2502959849345665)	(42.0, 0.530389110932772)	(43.0, 0.9564882281428079)	(44.0, 1.6328833302874102)	(45.0, 2.7353775496420485)	(46.0, 4.374220308142187)	(47.0, 5.389309580376818)	(48.0, 5.229398256668618)	(49.0, 12.627035144734936)	(50.0, 14.577158703546395)	(51.0, 15.577945348070307)	(52.0, 20.983146737013715)	(53.0, 10.219426146792811)	(54.0, 2.7685517000262347)	(55.0, 0.7886310001509756)	(56.0, 0.35756569276366645)	(57.0, 0.27413369778547764)	(58.0, 0.1360736108572842)	(59.0, 0.2423500806509295)	(60.0, 0.149978943353649)	(61.0, 0.03873628338273054)	(62.0, 0.01191885642545555)	(63.0, 0.005959428212727775)	(64.0, 0.005959428212727775)	(65.0, 0.0)	(66.0, 0.0)	(67.0, 0.0)	(68.0, 0.0)	(69.0, 0.0)	(70.0, 0.0)	(71.0, 0.0)	(72.0, 0.0)	(73.0, 0.0)	(74.0, 0.0)	(75.0, 0.0)	(76.0, 0.0)	(77.0, 0.0)	(78.0, 0.0)	(79.0, 0.0)	(80.0, 0.0)	(81.0, 0.0)	(82.0, 0.0)	(83.0, 0.0)	(84.0, 0.0)	(85.0, 0.0)	(86.0, 0.0)	(87.0, 0.0)	(88.0, 0.0)	(89.0, 0.0)	(90.0, 0.0)	(91.0, 0.0)	(92.0, 0.0)	(93.0, 0.0)	(94.0, 0.0)	(95.0, 0.0)	(96.0, 0.0)	(97.0, 0.0)	(98.0, 0.0)	(99.0, 0.0)	(100.0, 0.0)
ERR011070	(0.0, 0.0)	(1.0, 0.0)	(2.0, 0.0)	(3.0, 0.0)	(4.0, 0.0)	(5.0, 0.0)	(6.0, 0.0)	(7.0, 0.0)	(8.0, 0.0)	(9.0, 0.0)	(10.0, 0.0)	(11.0, 0.0)	(12.0, 0.0)	(13.0, 0.0)	(14.0, 0.0)	(15.0, 0.0)	(16.0, 0.0)	(17.0, 0.0)	(18.0, 0.0)	(19.0, 0.0)	(20.0, 0.0)	(21.0, 0.0)	(22.0, 0.0)	(23.0, 0.0)	(24.0, 0.0)	(25.0, 0.0)	(26.0, 0.0)	(27.0, 0.0)	(28.0, 0.0)	(29.0, 0.0)	(30.0, 0.0)	(31.0, 0.0)	(32.0, 0.0)	(33.0, 0.0)	(34.0, 0.0)	(35.0, 0.005050313143464077)	(36.0, 0.010100626286928155)	(37.0, 0.025251565717320384)	(38.0, 0.04040250514771262)	(39.0, 0.04040250514771262)	(40.0, 0.07070438400849709)	(41.0, 0.25251565717320384)	(42.0, 0.5605847589245125)	(43.0, 0.9292576183973902)	(44.0, 1.5302448824696155)	(45.0, 2.686766592322889)	(46.0, 4.535181202830742)	(47.0, 5.397101312648609)	(48.0, 4.697632942278824)	(49.0, 16.36335127236593)	(50.0, 15.427023215567882)	(51.0, 11.119106104193559)	(52.0, 18.347282618889878)	(53.0, 10.86574872816313)	(54.0, 3.1244603980897745)	(55.0, 1.5249540782240802)	(56.0, 1.1085437349903633)	(57.0, 0.5184988160623121)	(58.0, 0.2794506606050122)	(59.0, 0.2289475291703715)	(60.0, 0.24830706288698381)	(61.0, 0.04797797486290873)	(62.0, 0.010100626286928155)	(63.0, 0.005050313143464077)	(64.0, 0.0)	(65.0, 0.0)	(66.0, 0.0)	(67.0, 0.0)	(68.0, 0.0)	(69.0, 0.0)	(70.0, 0.0)	(71.0, 0.0)	(72.0, 0.0)	(73.0, 0.0)	(74.0, 0.0)	(75.0, 0.0)	(76.0, 0.0)	(77.0, 0.0)	(78.0, 0.0)	(79.0, 0.0)	(80.0, 0.0)	(81.0, 0.0)	(82.0, 0.0)	(83.0, 0.0)	(84.0, 0.0)	(85.0, 0.0)	(86.0, 0.0)	(87.0, 0.0)	(88.0, 0.0)	(89.0, 0.0)	(90.0, 0.0)	(91.0, 0.0)	(92.0, 0.0)	(93.0, 0.0)	(94.0, 0.0)	(95.0, 0.0)	(96.0, 0.0)	(97.0, 0.0)	(98.0, 0.0)	(99.0, 0.0)	(100.0, 0.0)
ERR011071	(0.0, 0.0)	(1.0, 0.0)	(2.0, 0.0)	(3.0, 0.0)	(4.0, 0.0)	(5.0, 0.0)	(6.0, 0.0)	(7.0, 0.0)	(8.0, 0.0)	(9.0, 0.0)	(10.0, 0.0)	(11.0, 0.0)	(12.0, 0.0)	(13.0, 0.0)	(14.0, 0.0)	(15.0, 0.0)	(16.0, 0.0)	(17.0, 0.0)	(18.0, 0.0)	(19.0, 0.0)	(20.0, 0.0)	(21.0, 0.0)	(22.0, 0.0)	(23.0, 0.0)	(24.0, 0.0)	(25.0, 0.0)	(26.0, 0.0)	(27.0, 0.0)	(28.0, 0.0)	(29.0, 0.0)	(30.0, 0.0)	(31.0, 0.0)	(32.0, 0.0)	(33.0, 0.0)	(34.0, 0.0)	(35.0, 0.0)	(36.0, 0.0)	(37.0, 0.0)	(38.0, 0.013567061500458874)	(39.0, 0.04070118450137662)	(40.0, 0.07461883825252381)	(41.0, 0.24420710700825973)	(42.0, 0.6173012982708788)	(43.0, 1.0785813892864806)	(44.0, 1.8179862410614893)	(45.0, 2.8151652613452165)	(46.0, 3.9954996118851387)	(47.0, 4.331284384021496)	(48.0, 4.558532664154182)	(49.0, 18.364148329329318)	(50.0, 20.141433385889158)	(51.0, 13.471769044682121)	(52.0, 15.032078024816958)	(53.0, 6.779008396395893)	(54.0, 2.739415834634324)	(55.0, 1.641614441555523)	(56.0, 0.4714553871409459)	(57.0, 0.42397067188933973)	(58.0, 0.3945753719716787)	(59.0, 0.37196360280424745)	(60.0, 0.4963283332251205)	(61.0, 0.05766001137695022)	(62.0, 0.02035059225068831)	(63.0, 0.006783530750229437)	(64.0, 0.0)	(65.0, 0.0)	(66.0, 0.0)	(67.0, 0.0)	(68.0, 0.0)	(69.0, 0.0)	(70.0, 0.0)	(71.0, 0.0)	(72.0, 0.0)	(73.0, 0.0)	(74.0, 0.0)	(75.0, 0.0)	(76.0, 0.0)	(77.0, 0.0)	(78.0, 0.0)	(79.0, 0.0)	(80.0, 0.0)	(81.0, 0.0)	(82.0, 0.0)	(83.0, 0.0)	(84.0, 0.0)	(85.0, 0.0)	(86.0, 0.0)	(87.0, 0.0)	(88.0, 0.0)	(89.0, 0.0)	(90.0, 0.0)	(91.0, 0.0)	(92.0, 0.0)	(93.0, 0.0)	(94.0, 0.0)	(95.0, 0.0)	(96.0, 0.0)	(97.0, 0.0)	(98.0, 0.0)	(99.0, 0.0)	(100.0, 0.0)
ERR011072	(0.0, 0.0)	(1.0, 0.0)	(2.0, 0.0)	(3.0, 0.0)	(4.0, 0.0)	(5.0, 0.0)	(6.0, 0.0)	(7.0, 0.0)	(8.0, 0.0)	(9.0, 0.0)	(10.0, 0.0)	(11.0, 0.0)	(12.0, 0.0)	(13.0, 0.0)	(14.0, 0.0)	(15.0, 0.0)	(16.0, 0.0)	(17.0, 0.0)	(18.0, 0.0)	(19.0, 0.0)	(20.0, 0.0)	(21.0, 0.0)	(22.0, 0.0)	(23.0, 0.0)	(24.0, 0.0)	(25.0, 0.0)	(26.0, 0.0)	(27.0, 0.0)	(28.0, 0.0)	(29.0, 0.0)	(30.0, 0.0)	(31.0, 0.0)	(32.0, 0.0)	(33.0, 0.0)	(34.0, 0.0)	(35.0, 0.0)	(36.0, 0.0)	(37.0, 0.0)	(38.0, 0.009601628436182744)	(39.0, 0.06721139905327922)	(40.0, 0.3072521099578478)	(41.0, 0.7489270180222541)	(42.0, 1.2962198388846706)	(43.0, 2.5732364208969756)	(44.0, 3.831049746036915)	(45.0, 6.785150761569141)	(46.0, 7.951748616565343)	(47.0, 5.306499982396999)	(48.0, 9.636834407115309)	(49.0, 20.601894081236427)	(50.0, 16.7500408069209)	(51.0, 12.437309367668723)	(52.0, 5.027092594904087)	(53.0, 2.3796035807672897)	(54.0, 1.1057875415670462)	(55.0, 0.7361248467740104)	(56.0, 1.009771257205219)	(57.0, 0.40006785150761437)	(58.0, 0.3472588951086093)	(59.0, 0.47047979337295454)	(60.0, 0.1728293118512894)	(61.0, 0.038406513744730975)	(62.0, 0.009601628436182744)	(63.0, 0.0)	(64.0, 0.0)	(65.0, 0.0)	(66.0, 0.0)	(67.0, 0.0)	(68.0, 0.0)	(69.0, 0.0)	(70.0, 0.0)	(71.0, 0.0)	(72.0, 0.0)	(73.0, 0.0)	(74.0, 0.0)	(75.0, 0.0)	(76.0, 0.0)	(77.0, 0.0)	(78.0, 0.0)	(79.0, 0.0)	(80.0, 0.0)	(81.0, 0.0)	(82.0, 0.0)	(83.0, 0.0)	(84.0, 0.0)	(85.0, 0.0)	(86.0, 0.0)	(87.0, 0.0)	(88.0, 0.0)	(89.0, 0.0)	(90.0, 0.0)	(91.0, 0.0)	(92.0, 0.0)	(93.0, 0.0)	(94.0, 0.0)	(95.0, 0.0)	(96.0, 0.0)	(97.0, 0.0)	(98.0, 0.0)	(99.0, 0.0)	(100.0, 0.0)
ERR011073	(0.0, 0.0)	(1.0, 0.0)	(2.0, 0.0)	(3.0, 0.0)	(4.0, 0.0)	(5.0, 0.0)	(6.0, 0.0)	(7.0, 0.0)	(8.0, 0.0)	(9.0, 0.0)	(10.0, 0.0)	(11.0, 0.0)	(12.0, 0.0)	(13.0, 0.0)	(14.0, 0.0)	(15.0, 0.0)	(16.0, 0.0)	(17.0, 0.0)	(18.0, 0.0)	(19.0, 0.0)	(20.0, 0.0)	(21.0, 0.0)	(22.0, 0.0)	(23.0, 0.0)	(24.0, 0.0)	(25.0, 0.0)	(26.0, 0.0)	(27.0, 0.0)	(28.0, 0.0)	(29.0, 0.0)	(30.0, 0.0)	(31.0, 0.0)	(32.0, 0.0)	(33.0, 0.0)	(34.0, 0.0)	(35.0, 0.0)	(36.0, 0.0)	(37.0, 0.004383913958382126)	(38.0, 0.008767827916764252)	(39.0, 0.026303483750292758)	(40.0, 0.10083002104278888)	(41.0, 0.2498830956277812)	(42.0, 0.6838905775076116)	(43.0, 1.468611176058012)	(44.0, 2.406768763151787)	(45.0, 3.289689034369947)	(46.0, 4.002513444002881)	(47.0, 4.660100537760198)	(48.0, 5.4626490530746885)	(49.0, 13.54950900163666)	(50.0, 17.42824994154726)	(51.0, 15.48135375263026)	(52.0, 16.25730652326375)	(53.0, 8.650192892214493)	(54.0, 2.799129062426988)	(55.0, 1.2990998363339032)	(56.0, 0.5012274959083564)	(57.0, 0.4646948795885055)	(58.0, 0.31929506663549817)	(59.0, 0.37190203413608364)	(60.0, 0.4128185644143168)	(61.0, 0.07452653729249614)	(62.0, 0.013151741875146379)	(63.0, 0.004383913958382126)	(64.0, 0.004383913958382126)	(65.0, 0.004383913958382126)	(66.0, 0.0)	(67.0, 0.0)	(68.0, 0.0)	(69.0, 0.0)	(70.0, 0.0)	(71.0, 0.0)	(72.0, 0.0)	(73.0, 0.0)	(74.0, 0.0)	(75.0, 0.0)	(76.0, 0.0)	(77.0, 0.0)	(78.0, 0.0)	(79.0, 0.0)	(80.0, 0.0)	(81.0, 0.0)	(82.0, 0.0)	(83.0, 0.0)	(84.0, 0.0)	(85.0, 0.0)	(86.0, 0.0)	(87.0, 0.0)	(88.0, 0.0)	(89.0, 0.0)	(90.0, 0.0)	(91.0, 0.0)	(92.0, 0.0)	(93.0, 0.0)	(94.0, 0.0)	(95.0, 0.0)	(96.0, 0.0)	(97.0, 0.0)	(98.0, 0.0)	(99.0, 0.0)	(100.0, 0.0)
ERR011074	(0.0, 0.0)	(1.0, 0.0)	(2.0, 0.0)	(3.0, 0.0)	(4.0, 0.0)	(5.0, 0.0)	(6.0, 0.0)	(7.0, 0.0)	(8.0, 0.0)	(9.0, 0.0)	(10.0, 0.0)	(11.0, 0.0)	(12.0, 0.0)	(13.0, 0.0)	(14.0, 0.0)	(15.0, 0.0)	(16.0, 0.0)	(17.0, 0.0)	(18.0, 0.0)	(19.0, 0.0)	(20.0, 0.0)	(21.0, 0.0)	(22.0, 0.0)	(23.0, 0.0)	(24.0, 0.0)	(25.0, 0.0)	(26.0, 0.0)	(27.0, 0.0)	(28.0, 0.0)	(29.0, 0.0)	(30.0, 0.0)	(31.0, 0.0)	(32.0, 0.0)	(33.0, 0.0)	(34.0, 0.0)	(35.0, 0.004566786976132461)	(36.0, 0.013700360928397382)	(37.0, 0.018267147904529844)	(38.0, 0.022833934880662307)	(39.0, 0.03653429580905969)	(40.0, 0.06393501766585445)	(41.0, 0.1872382660214309)	(42.0, 0.4338447627325838)	(43.0, 0.7946209338470481)	(44.0, 1.3182791737769035)	(45.0, 1.8982611197457266)	(46.0, 2.712671463822682)	(47.0, 3.141949439579133)	(48.0, 3.691486139040398)	(49.0, 9.634398257314356)	(50.0, 14.555111224096365)	(51.0, 12.230616653245347)	(52.0, 10.422169010697074)	(53.0, 8.788781535567056)	(54.0, 6.817451824203132)	(55.0, 14.341537819846145)	(56.0, 3.7082310246195545)	(57.0, 1.5009506528222025)	(58.0, 1.6904723123317007)	(59.0, 1.387542109581579)	(60.0, 0.4878850752834846)	(61.0, 0.04110108278519215)	(62.0, 0.015983754416463613)	(63.0, 0.022833934880662307)	(64.0, 0.016744885579152356)	(65.0, 0.0)	(66.0, 0.0)	(67.0, 0.0)	(68.0, 0.0)	(69.0, 0.0)	(70.0, 0.0)	(71.0, 0.0)	(72.0, 0.0)	(73.0, 0.0)	(74.0, 0.0)	(75.0, 0.0)	(76.0, 0.0)	(77.0, 0.0)	(78.0, 0.0)	(79.0, 0.0)	(80.0, 0.0)	(81.0, 0.0)	(82.0, 0.0)	(83.0, 0.0)	(84.0, 0.0)	(85.0, 0.0)	(86.0, 0.0)	(87.0, 0.0)	(88.0, 0.0)	(89.0, 0.0)	(90.0, 0.0)	(91.0, 0.0)	(92.0, 0.0)	(93.0, 0.0)	(94.0, 0.0)	(95.0, 0.0)	(96.0, 0.0)	(97.0, 0.0)	(98.0, 0.0)	(99.0, 0.0)	(100.0, 0.0)
ERR011075	(0.0, 0.0)	(1.0, 0.0)	(2.0, 0.0)	(3.0, 0.0)	(4.0, 0.0)	(5.0, 0.0)	(6.0, 0.0)	(7.0, 0.0)	(8.0, 0.0)	(9.0, 0.0)	(10.0, 0.0)	(11.0, 0.0)	(12.0, 0.0)	(13.0, 0.0)	(14.0, 0.0)	(15.0, 0.0)	(16.0, 0.0)	(17.0, 0.0)	(18.0, 0.0)	(19.0, 0.0)	(20.0, 0.0)	(21.0, 0.0)	(22.0, 0.0)	(23.0, 0.0)	(24.0, 0.0)	(25.0, 0.0)	(26.0, 0.0)	(27.0, 0.0)	(28.0, 0.0)	(29.0, 0.0)	(30.0, 0.0)	(31.0, 0.0)	(32.0, 0.0)	(33.0, 0.0)	(34.0, 0.0)	(35.0, 0.0)	(36.0, 0.0)	(37.0, 0.008933037947545177)	(38.0, 0.017866075895090355)	(39.0, 0.017866075895090355)	(40.0, 0.07146430358036142)	(41.0, 0.22332594868862948)	(42.0, 0.5449153148002559)	(43.0, 0.9379689844922438)	(44.0, 1.3131565782891412)	(45.0, 1.813406703351671)	(46.0, 2.221348769622901)	(47.0, 2.355344338836079)	(48.0, 3.7116772672050296)	(49.0, 5.380666523738047)	(50.0, 7.515662593201318)	(51.0, 11.065056337692626)	(52.0, 10.60947140236782)	(53.0, 8.830308011148386)	(54.0, 12.480049548583859)	(55.0, 16.76582338788463)	(56.0, 7.29382548417062)	(57.0, 2.2302818075704445)	(58.0, 0.9558350603873347)	(59.0, 0.4823840491674395)	(60.0, 0.4913170871149848)	(61.0, 0.6193572976964656)	(62.0, 0.515138521641772)	(63.0, 0.3439219609804893)	(64.0, 0.30818980919030864)	(65.0, 0.30372329021653605)	(66.0, 0.1652612020295858)	(67.0, 0.07593082255413401)	(68.0, 0.03573215179018071)	(69.0, 0.026799113842635537)	(70.0, 0.026799113842635537)	(71.0, 0.06253126563281625)	(72.0, 0.09826341742299696)	(73.0, 0.06253126563281625)	(74.0, 0.013399556921317769)	(75.0, 0.004466518973772589)	(76.0, 0.0)	(77.0, 0.0)	(78.0, 0.0)	(79.0, 0.0)	(80.0, 0.0)	(81.0, 0.0)	(82.0, 0.0)	(83.0, 0.0)	(84.0, 0.0)	(85.0, 0.0)	(86.0, 0.0)	(87.0, 0.0)	(88.0, 0.0)	(89.0, 0.0)	(90.0, 0.0)	(91.0, 0.0)	(92.0, 0.0)	(93.0, 0.0)	(94.0, 0.0)	(95.0, 0.0)	(96.0, 0.0)	(97.0, 0.0)	(98.0, 0.0)	(99.0, 0.0)	(100.0, 0.0)
ERR011076	(0.0, 0.0)	(1.0, 0.0)	(2.0, 0.0)	(3.0, 0.0)	(4.0, 0.0)	(5.0, 0.0)	(6.0, 0.0)	(7.0, 0.0)	(8.0, 0.0)	(9.0, 0.0)	(10.0, 0.0)	(11.0, 0.0)	(12.0, 0.0)	(13.0, 0.0)	(14.0, 0.0)	(15.0, 0.0)	(16.0, 0.0)	(17.0, 0.0)	(18.0, 0.0)	(19.0, 0.0)	(20.0, 0.0)	(21.0, 0.0)	(22.0, 0.0)	(23.0, 0.0)	(24.0, 0.0)	(25.0, 0.0)	(26.0, 0.0)	(27.0, 0.0)	(28.0, 0.0)	(29.0, 0.0)	(30.0, 0.0)	(31.0, 0.0)	(32.0, 0.0)	(33.0, 0.0)	(34.0, 0.0)	(35.0, 0.0)	(36.0, 0.0)	(37.0, 0.0)	(38.0, 0.01325876017333621)	(39.0, 0.04640566060667674)	(40.0, 0.125958221646694)	(41.0, 0.3049514839867329)	(42.0, 0.6099029679734658)	(43.0, 1.2927291169002806)	(44.0, 2.0396392733315536)	(45.0, 3.559977106540772)	(46.0, 5.164287087514454)	(47.0, 4.147782140892011)	(48.0, 3.57434076339523)	(49.0, 18.283167341021645)	(50.0, 10.29984686132019)	(51.0, 4.8001131414201375)	(52.0, 7.604340918080754)	(53.0, 6.522205108600292)	(54.0, 2.906983168003966)	(55.0, 2.3269124104205057)	(56.0, 1.2628969065102742)	(57.0, 3.8748726606575157)	(58.0, 3.9069146644097392)	(59.0, 10.97825342352239)	(60.0, 5.672539560825675)	(61.0, 0.5867001376701273)	(62.0, 0.050825247331122134)	(63.0, 0.03093710707111782)	(64.0, 0.01325876017333621)	(65.0, 0.0)	(66.0, 0.0)	(67.0, 0.0)	(68.0, 0.0)	(69.0, 0.0)	(70.0, 0.0)	(71.0, 0.0)	(72.0, 0.0)	(73.0, 0.0)	(74.0, 0.0)	(75.0, 0.0)	(76.0, 0.0)	(77.0, 0.0)	(78.0, 0.0)	(79.0, 0.0)	(80.0, 0.0)	(81.0, 0.0)	(82.0, 0.0)	(83.0, 0.0)	(84.0, 0.0)	(85.0, 0.0)	(86.0, 0.0)	(87.0, 0.0)	(88.0, 0.0)	(89.0, 0.0)	(90.0, 0.0)	(91.0, 0.0)	(92.0, 0.0)	(93.0, 0.0)	(94.0, 0.0)	(95.0, 0.0)	(96.0, 0.0)	(97.0, 0.0)	(98.0, 0.0)	(99.0, 0.0)	(100.0, 0.0)
ERR011077	(0.0, 0.0)	(1.0, 0.0)	(2.0, 0.0)	(3.0, 0.0)	(4.0, 0.0)	(5.0, 0.0)	(6.0, 0.0)	(7.0, 0.0)	(8.0, 0.0)	(9.0, 0.0)	(10.0, 0.0)	(11.0, 0.0)	(12.0, 0.0)	(13.0, 0.0)	(14.0, 0.0)	(15.0, 0.0)	(16.0, 0.0)	(17.0, 0.0)	(18.0, 0.0)	(19.0, 0.0)	(20.0, 0.0)	(21.0, 0.0)	(22.0, 0.0)	(23.0, 0.0)	(24.0, 0.0)	(25.0, 0.0)	(26.0, 0.0)	(27.0, 0.0)	(28.0, 0.0)	(29.0, 0.0)	(30.0, 0.0)	(31.0, 0.0)	(32.0, 0.0)	(33.0, 0.0)	(34.0, 0.0)	(35.0, 0.0)	(36.0, 0.0)	(37.0, 0.005573471760678314)	(38.0, 0.011146943521356627)	(39.0, 0.005573471760678314)	(40.0, 0.01672041528203494)	(41.0, 0.08360207641017471)	(42.0, 0.21959478737072555)	(43.0, 0.4012899667688386)	(44.0, 0.6911104983241109)	(45.0, 1.2540311461526206)	(46.0, 1.6590367607619116)	(47.0, 1.7249895099299382)	(48.0, 2.61395825575814)	(49.0, 3.7453730231758207)	(50.0, 5.020769144411046)	(51.0, 5.607841503202491)	(52.0, 4.723517317174865)	(53.0, 6.405776876939607)	(54.0, 6.520961959993624)	(55.0, 7.178631627753679)	(56.0, 5.406931116400891)	(57.0, 3.2657890483403174)	(58.0, 9.504627175876964)	(59.0, 18.188096179013243)	(60.0, 11.415399077829317)	(61.0, 2.1782985464651077)	(62.0, 0.9920779734007398)	(63.0, 0.5071859302217265)	(64.0, 0.25080622923052415)	(65.0, 0.12818985049560122)	(66.0, 0.06130818936746145)	(67.0, 0.027867358803391567)	(68.0, 0.03344083056406988)	(69.0, 0.04458777408542651)	(70.0, 0.03344083056406988)	(71.0, 0.027867358803391567)	(72.0, 0.022293887042713255)	(73.0, 0.01672041528203494)	(74.0, 0.005573471760678314)	(75.0, 0.0)	(76.0, 0.0)	(77.0, 0.0)	(78.0, 0.0)	(79.0, 0.0)	(80.0, 0.0)	(81.0, 0.0)	(82.0, 0.0)	(83.0, 0.0)	(84.0, 0.0)	(85.0, 0.0)	(86.0, 0.0)	(87.0, 0.0)	(88.0, 0.0)	(89.0, 0.0)	(90.0, 0.0)	(91.0, 0.0)	(92.0, 0.0)	(93.0, 0.0)	(94.0, 0.0)	(95.0, 0.0)	(96.0, 0.0)	(97.0, 0.0)	(98.0, 0.0)	(99.0, 0.0)	(100.0, 0.0)
ERR011078	(0.0, 0.0)	(1.0, 0.0)	(2.0, 0.0)	(3.0, 0.0)	(4.0, 0.0)	(5.0, 0.0)	(6.0, 0.0)	(7.0, 0.0)	(8.0, 0.0)	(9.0, 0.0)	(10.0, 0.0)	(11.0, 0.0)	(12.0, 0.0)	(13.0, 0.0)	(14.0, 0.0)	(15.0, 0.0)	(16.0, 0.0)	(17.0, 0.0)	(18.0, 0.0)	(19.0, 0.0)	(20.0, 0.0)	(21.0, 0.0)	(22.0, 0.0)	(23.0, 0.0)	(24.0, 0.0)	(25.0, 0.0)	(26.0, 0.0)	(27.0, 0.0)	(28.0, 0.0)	(29.0, 0.0)	(30.0, 0.0)	(31.0, 0.0)	(32.0, 0.0)	(33.0, 0.0)	(34.0, 0.0)	(35.0, 0.0)	(36.0, 0.0)	(37.0, 0.0)	(38.0, 0.0)	(39.0, 0.006282372918066487)	(40.0, 0.01884711875419946)	(41.0, 0.12564745836132976)	(42.0, 0.5402840709537179)	(43.0, 0.9737678023003056)	(44.0, 1.3318630586300955)	(45.0, 1.972665096272877)	(46.0, 2.5757728964072597)	(47.0, 2.7642440839492544)	(48.0, 2.966745904341598)	(49.0, 4.970822865204801)	(50.0, 14.0854989071665)	(51.0, 17.869162703286914)	(52.0, 16.45981704533415)	(53.0, 10.70097520377332)	(54.0, 5.910665853747528)	(55.0, 2.497243234931431)	(56.0, 1.30057085828582)	(57.0, 2.271077809881041)	(58.0, 1.8658647566657458)	(59.0, 4.5264496874669025)	(60.0, 3.8825064633650888)	(61.0, 0.36437762924785627)	(62.0, 0.01884711875419946)	(63.0, 0.0)	(64.0, 0.0)	(65.0, 0.0)	(66.0, 0.0)	(67.0, 0.0)	(68.0, 0.0)	(69.0, 0.0)	(70.0, 0.0)	(71.0, 0.0)	(72.0, 0.0)	(73.0, 0.0)	(74.0, 0.0)	(75.0, 0.0)	(76.0, 0.0)	(77.0, 0.0)	(78.0, 0.0)	(79.0, 0.0)	(80.0, 0.0)	(81.0, 0.0)	(82.0, 0.0)	(83.0, 0.0)	(84.0, 0.0)	(85.0, 0.0)	(86.0, 0.0)	(87.0, 0.0)	(88.0, 0.0)	(89.0, 0.0)	(90.0, 0.0)	(91.0, 0.0)	(92.0, 0.0)	(93.0, 0.0)	(94.0, 0.0)	(95.0, 0.0)	(96.0, 0.0)	(97.0, 0.0)	(98.0, 0.0)	(99.0, 0.0)	(100.0, 0.0)
ERR011079	(0.0, 0.0)	(1.0, 0.0)	(2.0, 0.0)	(3.0, 0.0)	(4.0, 0.0)	(5.0, 0.0)	(6.0, 0.0)	(7.0, 0.0)	(8.0, 0.0)	(9.0, 0.0)	(10.0, 0.0)	(11.0, 0.0)	(12.0, 0.0)	(13.0, 0.0)	(14.0, 0.0)	(15.0, 0.0)	(16.0, 0.0)	(17.0, 0.0)	(18.0, 0.0)	(19.0, 0.0)	(20.0, 0.0)	(21.0, 0.0)	(22.0, 0.0)	(23.0, 0.0)	(24.0, 0.0)	(25.0, 0.0)	(26.0, 0.0)	(27.0, 0.0)	(28.0, 0.0)	(29.0, 0.0)	(30.0, 0.0)	(31.0, 0.0)	(32.0, 0.0)	(33.0, 0.0)	(34.0, 0.0)	(35.0, 0.0)	(36.0, 0.0)	(37.0, 0.0)	(38.0, 0.006335783873740476)	(39.0, 0.025343135494961904)	(40.0, 0.06969362261114524)	(41.0, 0.12037989360106904)	(42.0, 0.1816258043805603)	(43.0, 0.23442400332839763)	(44.0, 0.3959864921087798)	(45.0, 0.7222793616064144)	(46.0, 1.0263969875459573)	(47.0, 1.3748651006016832)	(48.0, 2.1457188052401084)	(49.0, 3.4371627515042116)	(50.0, 4.347403701364923)	(51.0, 4.8701058709485086)	(52.0, 8.609274320434356)	(53.0, 12.63080753789329)	(54.0, 7.7723172707132235)	(55.0, 5.467147904650636)	(56.0, 3.2312497756076475)	(57.0, 2.5184740898118467)	(58.0, 11.844747951958162)	(59.0, 16.031645128521284)	(60.0, 8.21962361219931)	(61.0, 1.8616644949007426)	(62.0, 0.9070730579238448)	(63.0, 0.5417095212048108)	(64.0, 0.3421323291819857)	(65.0, 0.3357965453082452)	(66.0, 0.23442400332839763)	(67.0, 0.15205881296977145)	(68.0, 0.05702205486366428)	(69.0, 0.01900735162122143)	(70.0, 0.03801470324244286)	(71.0, 0.05702205486366428)	(72.0, 0.08236519035862619)	(73.0, 0.06969362261114524)	(74.0, 0.01900735162122143)	(75.0, 0.0)	(76.0, 0.0)	(77.0, 0.0)	(78.0, 0.0)	(79.0, 0.0)	(80.0, 0.0)	(81.0, 0.0)	(82.0, 0.0)	(83.0, 0.0)	(84.0, 0.0)	(85.0, 0.0)	(86.0, 0.0)	(87.0, 0.0)	(88.0, 0.0)	(89.0, 0.0)	(90.0, 0.0)	(91.0, 0.0)	(92.0, 0.0)	(93.0, 0.0)	(94.0, 0.0)	(95.0, 0.0)	(96.0, 0.0)	(97.0, 0.0)	(98.0, 0.0)	(99.0, 0.0)	(100.0, 0.0)
ERR011080	(0.0, 0.0)	(1.0, 0.0)	(2.0, 0.0)	(3.0, 0.0)	(4.0, 0.0)	(5.0, 0.0)	(6.0, 0.0)	(7.0, 0.0)	(8.0, 0.0)	(9.0, 0.0)	(10.0, 0.0)	(11.0, 0.0)	(12.0, 0.0)	(13.0, 0.0)	(14.0, 0.0)	(15.0, 0.0)	(16.0, 0.0)	(17.0, 0.0)	(18.0, 0.0)	(19.0, 0.0)	(20.0, 0.0)	(21.0, 0.0)	(22.0, 0.0)	(23.0, 0.0)	(24.0, 0.0)	(25.0, 0.0)	(26.0, 0.0)	(27.0, 0.0)	(28.0, 0.0)	(29.0, 0.0)	(30.0, 0.0)	(31.0, 0.0)	(32.0, 0.002563445270443515)	(33.0, 0.002563445270443515)	(34.0, 0.0)	(35.0, 0.0)	(36.0, 0.003845167905665273)	(37.0, 0.007690335811330546)	(38.0, 0.042296846962318)	(39.0, 0.11535503716995818)	(40.0, 0.2230197385285858)	(41.0, 0.4960266598308201)	(42.0, 0.9612919764163181)	(43.0, 1.48038964368113)	(44.0, 2.018713150474268)	(45.0, 3.366444501409946)	(46.0, 4.774416816201047)	(47.0, 4.389900025634519)	(48.0, 4.589848756729109)	(49.0, 18.147269930786894)	(50.0, 17.71148423481138)	(51.0, 13.001794411689142)	(52.0, 12.58779800051256)	(53.0, 5.010894642399468)	(54.0, 2.4205331966162884)	(55.0, 1.993078697769837)	(56.0, 0.7728787490387191)	(57.0, 1.0542168674698928)	(58.0, 1.1484234811586942)	(59.0, 2.3660599846193637)	(60.0, 1.1240707510894814)	(61.0, 0.11920020507562344)	(62.0, 0.04101512432709624)	(63.0, 0.01922583952832636)	(64.0, 0.007690335811330546)	(65.0, 0.0)	(66.0, 0.0)	(67.0, 0.0)	(68.0, 0.0)	(69.0, 0.0)	(70.0, 0.0)	(71.0, 0.0)	(72.0, 0.0)	(73.0, 0.0)	(74.0, 0.0)	(75.0, 0.0)	(76.0, 0.0)	(77.0, 0.0)	(78.0, 0.0)	(79.0, 0.0)	(80.0, 0.0)	(81.0, 0.0)	(82.0, 0.0)	(83.0, 0.0)	(84.0, 0.0)	(85.0, 0.0)	(86.0, 0.0)	(87.0, 0.0)	(88.0, 0.0)	(89.0, 0.0)	(90.0, 0.0)	(91.0, 0.0)	(92.0, 0.0)	(93.0, 0.0)	(94.0, 0.0)	(95.0, 0.0)	(96.0, 0.0)	(97.0, 0.0)	(98.0, 0.0)	(99.0, 0.0)	(100.0, 0.0)
ERR011081	(0.0, 0.0)	(1.0, 0.0)	(2.0, 0.0)	(3.0, 0.0)	(4.0, 0.0)	(5.0, 0.0)	(6.0, 0.0)	(7.0, 0.0)	(8.0, 0.0)	(9.0, 0.0)	(10.0, 0.0)	(11.0, 0.0)	(12.0, 0.0)	(13.0, 0.0)	(14.0, 0.0)	(15.0, 0.0)	(16.0, 0.0)	(17.0, 0.0)	(18.0, 0.0)	(19.0, 0.0)	(20.0, 0.0)	(21.0, 0.0)	(22.0, 0.0)	(23.0, 0.0)	(24.0, 0.0)	(25.0, 0.0)	(26.0, 0.0)	(27.0, 0.0)	(28.0, 0.0)	(29.0, 0.0)	(30.0, 0.0)	(31.0, 0.0)	(32.0, 0.0)	(33.0, 0.0)	(34.0, 0.0)	(35.0, 0.0)	(36.0, 0.0)	(37.0, 0.0)	(38.0, 0.0)	(39.0, 0.012672236818761633)	(40.0, 0.09292973667091865)	(41.0, 0.278789210012756)	(42.0, 0.5068894727504654)	(43.0, 0.7645582880652853)	(44.0, 1.1827421030844192)	(45.0, 1.8811231544295048)	(46.0, 2.202153153838133)	(47.0, 2.176808680200609)	(48.0, 3.59469117758872)	(49.0, 6.0038241994666155)	(50.0, 9.573734113943067)	(51.0, 13.024243397060633)	(52.0, 10.364481691433816)	(53.0, 9.436592351037804)	(54.0, 12.506089713804617)	(55.0, 15.617827865967318)	(56.0, 6.640252093031089)	(57.0, 1.7797452598794106)	(58.0, 0.5871469726026222)	(59.0, 0.39002328875521924)	(60.0, 0.2393644732432753)	(61.0, 0.27315710475997296)	(62.0, 0.23654842061688383)	(63.0, 0.1858594733418373)	(64.0, 0.1520668418251396)	(65.0, 0.1436186839459652)	(66.0, 0.06758526303339539)	(67.0, 0.0)	(68.0, 0.0)	(69.0, 0.0)	(70.0, 0.008448157879174424)	(71.0, 0.025344473637523266)	(72.0, 0.016896315758348848)	(73.0, 0.008448157879174424)	(74.0, 0.016896315758348848)	(75.0, 0.008448157879174424)	(76.0, 0.0)	(77.0, 0.0)	(78.0, 0.0)	(79.0, 0.0)	(80.0, 0.0)	(81.0, 0.0)	(82.0, 0.0)	(83.0, 0.0)	(84.0, 0.0)	(85.0, 0.0)	(86.0, 0.0)	(87.0, 0.0)	(88.0, 0.0)	(89.0, 0.0)	(90.0, 0.0)	(91.0, 0.0)	(92.0, 0.0)	(93.0, 0.0)	(94.0, 0.0)	(95.0, 0.0)	(96.0, 0.0)	(97.0, 0.0)	(98.0, 0.0)	(99.0, 0.0)	(100.0, 0.0)
ERR011082	(0.0, 0.0)	(1.0, 0.0)	(2.0, 0.0)	(3.0, 0.0)	(4.0, 0.0)	(5.0, 0.0)	(6.0, 0.0)	(7.0, 0.0)	(8.0, 0.0)	(9.0, 0.0)	(10.0, 0.0)	(11.0, 0.0)	(12.0, 0.0)	(13.0, 0.0)	(14.0, 0.0)	(15.0, 0.0)	(16.0, 0.0)	(17.0, 0.0)	(18.0, 0.0)	(19.0, 0.0)	(20.0, 0.0)	(21.0, 0.0)	(22.0, 0.0)	(23.0, 0.0)	(24.0, 0.0)	(25.0, 0.0)	(26.0, 0.0)	(27.0, 0.0)	(28.0, 0.0)	(29.0, 0.0)	(30.0, 0.0)	(31.0, 0.0)	(32.0, 0.0)	(33.0, 0.0)	(34.0, 0.004630415656978883)	(35.0, 0.01389124697093665)	(36.0, 0.01389124697093665)	(37.0, 0.009260831313957767)	(38.0, 0.018521662627915533)	(39.0, 0.0555649878837466)	(40.0, 0.18521662627915533)	(41.0, 0.634366945006107)	(42.0, 1.2548426430412774)	(43.0, 1.7966012749078066)	(44.0, 2.347620738088294)	(45.0, 3.2968559477689645)	(46.0, 4.445199030699728)	(47.0, 4.657735109355057)	(48.0, 5.404775502014313)	(49.0, 15.812869468582372)	(50.0, 16.867832502430634)	(51.0, 16.15011807559914)	(52.0, 13.516491997098374)	(53.0, 5.847751933198631)	(54.0, 3.2601213168902654)	(55.0, 1.2108536942999777)	(56.0, 0.5132044019818263)	(57.0, 0.5487042553519983)	(58.0, 0.5355847443238912)	(59.0, 0.9067897328250311)	(60.0, 0.5170630816959754)	(61.0, 0.08103227399713045)	(62.0, 0.04630415656978883)	(63.0, 0.03241290959885218)	(64.0, 0.01389124697093665)	(65.0, 0.0)	(66.0, 0.0)	(67.0, 0.0)	(68.0, 0.0)	(69.0, 0.0)	(70.0, 0.0)	(71.0, 0.0)	(72.0, 0.0)	(73.0, 0.0)	(74.0, 0.0)	(75.0, 0.0)	(76.0, 0.0)	(77.0, 0.0)	(78.0, 0.0)	(79.0, 0.0)	(80.0, 0.0)	(81.0, 0.0)	(82.0, 0.0)	(83.0, 0.0)	(84.0, 0.0)	(85.0, 0.0)	(86.0, 0.0)	(87.0, 0.0)	(88.0, 0.0)	(89.0, 0.0)	(90.0, 0.0)	(91.0, 0.0)	(92.0, 0.0)	(93.0, 0.0)	(94.0, 0.0)	(95.0, 0.0)	(96.0, 0.0)	(97.0, 0.0)	(98.0, 0.0)	(99.0, 0.0)	(100.0, 0.0)
ERR011083	(0.0, 0.0)	(1.0, 0.0)	(2.0, 0.0)	(3.0, 0.0)	(4.0, 0.0)	(5.0, 0.0)	(6.0, 0.0)	(7.0, 0.0)	(8.0, 0.0)	(9.0, 0.0)	(10.0, 0.0)	(11.0, 0.0)	(12.0, 0.0)	(13.0, 0.0)	(14.0, 0.0)	(15.0, 0.0)	(16.0, 0.0)	(17.0, 0.0)	(18.0, 0.0)	(19.0, 0.0)	(20.0, 0.0)	(21.0, 0.0)	(22.0, 0.0)	(23.0, 0.0)	(24.0, 0.0)	(25.0, 0.0)	(26.0, 0.0)	(27.0, 0.0)	(28.0, 0.0)	(29.0, 0.0)	(30.0, 0.0)	(31.0, 0.0)	(32.0, 0.007136111818114763)	(33.0, 0.014272223636229526)	(34.0, 0.014272223636229526)	(35.0, 0.007136111818114763)	(36.0, 0.0)	(37.0, 0.007136111818114763)	(38.0, 0.032112503181516434)	(39.0, 0.06779306227209025)	(40.0, 0.11060973318077884)	(41.0, 0.21765141045250028)	(42.0, 0.46027921226840224)	(43.0, 0.7707000763563944)	(44.0, 1.2630917918063131)	(45.0, 1.838738145134237)	(46.0, 2.025466404374907)	(47.0, 1.9219927830122423)	(48.0, 3.2493095811815946)	(49.0, 5.201036163435967)	(50.0, 8.226747574316624)	(51.0, 11.9439482203727)	(52.0, 10.663729760202857)	(53.0, 7.245532199325831)	(54.0, 10.386610751266097)	(55.0, 15.776753877882157)	(56.0, 9.964390802027605)	(57.0, 2.6332252608843505)	(58.0, 0.9990556545360673)	(59.0, 0.44481763666248664)	(60.0, 0.5209361627223779)	(61.0, 0.7683213724170228)	(62.0, 0.7588065566595366)	(63.0, 0.513800050904263)	(64.0, 0.43173476499594315)	(65.0, 0.43530282090500055)	(66.0, 0.27830836090647576)	(67.0, 0.14985834818041002)	(68.0, 0.07136111818114763)	(69.0, 0.057088894544918105)	(70.0, 0.10704167727172145)	(71.0, 0.1569944599985248)	(72.0, 0.1355861245441805)	(73.0, 0.06422500636303287)	(74.0, 0.028544447272459052)	(75.0, 0.02140833545434429)	(76.0, 0.007136111818114763)	(77.0, 0.0)	(78.0, 0.0)	(79.0, 0.0)	(80.0, 0.0)	(81.0, 0.0)	(82.0, 0.0)	(83.0, 0.0)	(84.0, 0.0)	(85.0, 0.0)	(86.0, 0.0)	(87.0, 0.0)	(88.0, 0.0)	(89.0, 0.0)	(90.0, 0.0)	(91.0, 0.0)	(92.0, 0.0)	(93.0, 0.0)	(94.0, 0.0)	(95.0, 0.0)	(96.0, 0.0)	(97.0, 0.0)	(98.0, 0.0)	(99.0, 0.0)	(100.0, 0.0)
ERR011084	(0.0, 0.0)	(1.0, 0.0)	(2.0, 0.0)	(3.0, 0.0)	(4.0, 0.0)	(5.0, 0.0)	(6.0, 0.0)	(7.0, 0.0)	(8.0, 0.0)	(9.0, 0.0)	(10.0, 0.0)	(11.0, 0.0)	(12.0, 0.0)	(13.0, 0.0)	(14.0, 0.0)	(15.0, 0.0)	(16.0, 0.0)	(17.0, 0.0)	(18.0, 0.0)	(19.0, 0.0)	(20.0, 0.0)	(21.0, 0.0)	(22.0, 0.0)	(23.0, 0.0)	(24.0, 0.0)	(25.0, 0.0)	(26.0, 0.0)	(27.0, 0.0)	(28.0, 0.0)	(29.0, 0.0)	(30.0, 0.0)	(31.0, 0.0)	(32.0, 0.0)	(33.0, 0.0)	(34.0, 0.0)	(35.0, 0.0)	(36.0, 0.0)	(37.0, 0.0)	(38.0, 0.0074865803048035995)	(39.0, 0.0449194818288216)	(40.0, 0.13850173563886659)	(41.0, 0.29197663188734035)	(42.0, 0.5016008804218413)	(43.0, 0.8310104138331997)	(44.0, 1.4149636776078804)	(45.0, 1.9215556115662575)	(46.0, 2.111215645954615)	(47.0, 2.284654756349232)	(48.0, 3.4912419488067488)	(49.0, 5.5862366707676125)	(50.0, 9.781217168225908)	(51.0, 13.02415420359008)	(52.0, 10.482460190109206)	(53.0, 10.694579965411974)	(54.0, 12.105800352867533)	(55.0, 14.95444415884547)	(56.0, 6.1090495287197255)	(57.0, 2.080520666704919)	(58.0, 0.8097984363029229)	(59.0, 0.29322439527147426)	(60.0, 0.19964214146142933)	(61.0, 0.21960635560757227)	(62.0, 0.19215556115662574)	(63.0, 0.1272718651816612)	(64.0, 0.0898389636576432)	(65.0, 0.1010688341148486)	(66.0, 0.07112251289563419)	(67.0, 0.03119408460334833)	(68.0, 0.0074865803048035995)	(69.0, 0.0)	(70.0, 0.0)	(71.0, 0.0)	(72.0, 0.0)	(73.0, 0.0)	(74.0, 0.0)	(75.0, 0.0)	(76.0, 0.0)	(77.0, 0.0)	(78.0, 0.0)	(79.0, 0.0)	(80.0, 0.0)	(81.0, 0.0)	(82.0, 0.0)	(83.0, 0.0)	(84.0, 0.0)	(85.0, 0.0)	(86.0, 0.0)	(87.0, 0.0)	(88.0, 0.0)	(89.0, 0.0)	(90.0, 0.0)	(91.0, 0.0)	(92.0, 0.0)	(93.0, 0.0)	(94.0, 0.0)	(95.0, 0.0)	(96.0, 0.0)	(97.0, 0.0)	(98.0, 0.0)	(99.0, 0.0)	(100.0, 0.0)
ERR011085	(0.0, 0.0)	(1.0, 0.0)	(2.0, 0.0)	(3.0, 0.0)	(4.0, 0.0)	(5.0, 0.0)	(6.0, 0.0)	(7.0, 0.0)	(8.0, 0.0)	(9.0, 0.0)	(10.0, 0.0)	(11.0, 0.0)	(12.0, 0.0)	(13.0, 0.0)	(14.0, 0.0)	(15.0, 0.0)	(16.0, 0.0)	(17.0, 0.0)	(18.0, 0.0)	(19.0, 0.0)	(20.0, 0.0)	(21.0, 0.0)	(22.0, 0.0)	(23.0, 0.0)	(24.0, 0.0)	(25.0, 0.0)	(26.0, 0.0)	(27.0, 0.0)	(28.0, 0.0)	(29.0, 0.0)	(30.0, 0.0)	(31.0, 0.0)	(32.0, 0.0)	(33.0, 0.0)	(34.0, 0.008383002623880018)	(35.0, 0.016766005247760035)	(36.0, 0.012574503935820026)	(37.0, 0.016766005247760035)	(38.0, 0.08383002623880016)	(39.0, 0.18861755903730038)	(40.0, 0.27663908658804054)	(41.0, 0.5910016849835412)	(42.0, 1.2281098843984226)	(43.0, 1.8274945720058438)	(44.0, 2.6029223147147453)	(45.0, 3.772351180746008)	(46.0, 4.747573819324049)	(47.0, 4.631608949693709)	(48.0, 4.488399321535749)	(49.0, 13.04115774854905)	(50.0, 17.550095426512684)	(51.0, 17.184736228822164)	(52.0, 15.753757680926103)	(53.0, 5.25544406162078)	(54.0, 2.136967085537416)	(55.0, 0.8606549360516818)	(56.0, 0.479926900217131)	(57.0, 0.6343138652069213)	(58.0, 0.4890084863930015)	(59.0, 0.8278215091081516)	(60.0, 1.1694288660312624)	(61.0, 0.11945778739029024)	(62.0, 0.004191501311940009)	(63.0, 0.0)	(64.0, 0.0)	(65.0, 0.0)	(66.0, 0.0)	(67.0, 0.0)	(68.0, 0.0)	(69.0, 0.0)	(70.0, 0.0)	(71.0, 0.0)	(72.0, 0.0)	(73.0, 0.0)	(74.0, 0.0)	(75.0, 0.0)	(76.0, 0.0)	(77.0, 0.0)	(78.0, 0.0)	(79.0, 0.0)	(80.0, 0.0)	(81.0, 0.0)	(82.0, 0.0)	(83.0, 0.0)	(84.0, 0.0)	(85.0, 0.0)	(86.0, 0.0)	(87.0, 0.0)	(88.0, 0.0)	(89.0, 0.0)	(90.0, 0.0)	(91.0, 0.0)	(92.0, 0.0)	(93.0, 0.0)	(94.0, 0.0)	(95.0, 0.0)	(96.0, 0.0)	(97.0, 0.0)	(98.0, 0.0)	(99.0, 0.0)	(100.0, 0.0)
ERR011086	(0.0, 0.0)	(1.0, 0.0)	(2.0, 0.0)	(3.0, 0.0)	(4.0, 0.0)	(5.0, 0.0)	(6.0, 0.0)	(7.0, 0.0)	(8.0, 0.0)	(9.0, 0.0)	(10.0, 0.0)	(11.0, 0.0)	(12.0, 0.0)	(13.0, 0.0)	(14.0, 0.0)	(15.0, 0.0)	(16.0, 0.0)	(17.0, 0.0)	(18.0, 0.0)	(19.0, 0.0)	(20.0, 0.0)	(21.0, 0.0)	(22.0, 0.0)	(23.0, 0.0)	(24.0, 0.0)	(25.0, 0.0)	(26.0, 0.0)	(27.0, 0.0)	(28.0, 0.0)	(29.0, 0.0)	(30.0, 0.0)	(31.0, 0.0)	(32.0, 0.0)	(33.0, 0.0)	(34.0, 0.0)	(35.0, 0.0)	(36.0, 0.0)	(37.0, 0.004483363663967859)	(38.0, 0.022416818319839292)	(39.0, 0.04931700030364644)	(40.0, 0.13001754625506792)	(41.0, 0.33176891113362156)	(42.0, 0.6276709129555003)	(43.0, 0.9863400060729289)	(44.0, 1.4750266454454255)	(45.0, 2.28203210495964)	(46.0, 3.1301350647268933)	(47.0, 3.4962764306176015)	(48.0, 4.4138715271763465)	(49.0, 5.214899168471941)	(50.0, 6.0024767187756485)	(51.0, 7.31610227231825)	(52.0, 7.047847679757492)	(53.0, 9.167731465537013)	(54.0, 16.52941460177161)	(55.0, 18.470778998022226)	(56.0, 8.704450553593635)	(57.0, 2.781927153492056)	(58.0, 1.0931935067308287)	(59.0, 0.379591456882612)	(60.0, 0.13151200080972386)	(61.0, 0.08966727327935717)	(62.0, 0.05828372763158217)	(63.0, 0.022416818319839292)	(64.0, 0.008966727327935718)	(65.0, 0.013450090991903578)	(66.0, 0.008966727327935718)	(67.0, 0.004483363663967859)	(68.0, 0.004483363663967859)	(69.0, 0.0)	(70.0, 0.0)	(71.0, 0.0)	(72.0, 0.0)	(73.0, 0.0)	(74.0, 0.0)	(75.0, 0.0)	(76.0, 0.0)	(77.0, 0.0)	(78.0, 0.0)	(79.0, 0.0)	(80.0, 0.0)	(81.0, 0.0)	(82.0, 0.0)	(83.0, 0.0)	(84.0, 0.0)	(85.0, 0.0)	(86.0, 0.0)	(87.0, 0.0)	(88.0, 0.0)	(89.0, 0.0)	(90.0, 0.0)	(91.0, 0.0)	(92.0, 0.0)	(93.0, 0.0)	(94.0, 0.0)	(95.0, 0.0)	(96.0, 0.0)	(97.0, 0.0)	(98.0, 0.0)	(99.0, 0.0)	(100.0, 0.0)
