Sample	0	1	2	3	4	5	6	7	8	9	10	11	12	13	14	15
ERR011058	(1.0, 6.712366580787633)	(2.0, 1.9966875230033128)	(3.0, 1.4078027235921973)	(4.0, 1.048951048951049)	(5.0, 0.9201324990798674)	(6.0, 0.6348914243651086)	(7.0, 0.5474788369525212)	(8.0, 0.62569009937431)	(9.0, 0.5796834744203165)	('>10', 6.611152005888848)	('>50', 8.313397129186603)	('>100', 16.774015458225985)	('>500', 6.956201693043798)	('>1k', 19.796650717703347)	('>5k', 27.0748987854251)	('>10k+', 0.0)
ERR011059	(1.0, 7.030422279400636)	(2.0, 2.2400484334796427)	(3.0, 1.3848948085364008)	(4.0, 0.8173149689723022)	(5.0, 0.6054184955350386)	(6.0, 0.5902830331466626)	(7.0, 0.9005600121083699)	(8.0, 0.5448766459815347)	(9.0, 0.27243832299076737)	('>10', 9.891024670803693)	('>50', 10.98834569396095)	('>100', 37.13485696988043)	('>500', 19.721507492053885)	('>1k', 7.87800817314969)	('>5k', 0.0)	('>10k+', 0.0)
ERR011060	(1.0, 6.290090325958896)	(2.0, 1.950517083387878)	(3.0, 1.2567089933237334)	(4.0, 1.0472574944364446)	(5.0, 0.8508967142296111)	(6.0, 0.5890823406205001)	(7.0, 0.5498101845791333)	(8.0, 0.5236287472182223)	(9.0, 0.29454117031025007)	('>10', 7.4486189291792115)	('>50', 3.7243094645896058)	('>100', 7.867521926953789)	('>500', 0.0)	('>1k', 67.60701662521272)	('>5k', 0.0)	('>10k+', 0.0)
ERR011061	(1.0, 4.204337105645824)	(2.0, 1.3403300246570147)	(3.0, 0.9673136498703926)	(4.0, 0.6069418979578933)	(5.0, 0.34772712903837644)	(6.0, 0.4931402920907884)	(7.0, 0.5753303407725865)	(8.0, 0.0)	(9.0, 0.28450401466776254)	('>10', 6.069418979578934)	('>50', 2.6490484921287223)	('>100', 15.3758614149333)	('>500', 14.926977302901943)	('>1k', 52.15906935575646)	('>5k', 0.0)	('>10k+', 0.0)
ERR011062	(1.0, 5.080516239716147)	(2.0, 1.6064257028112447)	(3.0, 0.8305064919873669)	(4.0, 0.7174328381487114)	(5.0, 0.6043591843100558)	(6.0, 0.4912855304714001)	(7.0, 0.4912855304714001)	(8.0, 0.3743127851210668)	(9.0, 0.24564276523570006)	('>10', 7.240612937185635)	('>50', 3.1153741178305454)	('>100', 12.083284594689438)	('>500', 3.267438686785979)	('>1k', 4.121339727843412)	('>5k', 59.7301828673919)	('>10k+', 0.0)
ERR011063	(1.0, 5.421865715983363)	(2.0, 1.5894236482471777)	(3.0, 1.0472370766488415)	(4.0, 0.5941770647653001)	(5.0, 0.6684491978609626)	(6.0, 0.6684491978609626)	(7.0, 0.20796197266785502)	(8.0, 0.23767082590612004)	(9.0, 0.53475935828877)	('>10', 8.40017825311943)	('>50', 6.2982768865121805)	('>100', 13.777480689245394)	('>500', 11.007130124777184)	('>1k', 49.546939988116456)	('>5k', 0.0)	('>10k+', 0.0)
ERR011064	(1.0, 6.918101085407303)	(2.0, 2.236596864378906)	(3.0, 1.299199649161276)	(4.0, 0.920951650038373)	(5.0, 0.6578226071702664)	(6.0, 0.5591492160947265)	(7.0, 0.6139677666922486)	(8.0, 0.6139677666922486)	(9.0, 0.6413770419910098)	('>10', 10.059204034645324)	('>50', 4.64313123561013)	('>100', 21.708146036618793)	('>500', 14.12674048898147)	('>1k', 35.001644556517924)	('>5k', 0.0)	('>10k+', 0.0)
ERR011065	(1.0, 4.854037721136508)	(2.0, 1.9201715483210684)	(3.0, 1.1988888347385351)	(4.0, 0.7407768409766557)	(5.0, 0.7066621180369413)	(6.0, 0.5263414396413081)	(7.0, 0.47760612115600176)	(8.0, 0.15595301915298018)	(9.0, 0.1754471465471027)	('>10', 6.535406208879575)	('>50', 4.434913982162874)	('>100', 12.661435742482578)	('>500', 5.097714313563039)	('>1k', 60.51464496320483)	('>5k', 0.0)	('>10k+', 0.0)
ERR011066	(1.0, 8.244446226642072)	(2.0, 2.630523698772957)	(3.0, 1.2992220707354238)	(4.0, 0.8982276044590584)	(5.0, 0.5613922527869115)	(6.0, 0.7217900392974577)	(7.0, 0.8420883791803674)	(8.0, 0.4491138022295292)	(9.0, 0.43307402357847463)	('>10', 9.182773277728767)	('>50', 2.2295292324965916)	('>100', 10.257438447349426)	('>500', 4.9803512711524585)	('>1k', 57.27002967359051)	('>5k', 0.0)	('>10k+', 0.0)
ERR011067	(1.0, 6.089654533666759)	(2.0, 2.0283412058905252)	(3.0, 1.153098082800778)	(4.0, 0.6853755672872095)	(5.0, 0.4630915995183847)	(6.0, 0.3889969435954432)	(7.0, 0.5186625914605909)	(8.0, 0.37047327961470783)	(9.0, 0.333425951653237)	('>10', 6.904695748819116)	('>50', 4.672594239140502)	('>100', 11.345744188200426)	('>500', 5.6960266740761325)	('>1k', 59.349819394276196)	('>5k', 0.0)	('>10k+', 0.0)
ERR011068	(1.0, 6.566488266776452)	(2.0, 1.9658295594895019)	(3.0, 1.2659530671058048)	(4.0, 0.9057225195553726)	(5.0, 0.6689995883079457)	(6.0, 0.8336764100452861)	(7.0, 0.3962536023054755)	(8.0, 0.5351996706463565)	(9.0, 0.27789213668176205)	('>10', 8.027995059695348)	('>50', 5.1101276245368465)	('>100', 14.604775627830383)	('>500', 7.322972416632359)	('>1k', 25.3808151502676)	('>5k', 26.137299300123505)	('>10k+', 0.0)
ERR011069	(1.0, 5.112900906083705)	(2.0, 1.74025600460233)	(3.0, 0.9492305479649071)	(4.0, 0.9204659859053647)	(5.0, 0.5033798360419963)	(6.0, 0.6040558032503955)	(7.0, 0.6040558032503955)	(8.0, 0.402703868833597)	(9.0, 0.1294405292679419)	('>10', 9.6792751330361)	('>50', 3.4373651661153457)	('>100', 20.89745433625773)	('>500', 6.745289802962749)	('>1k', 48.274126276427445)	('>5k', 0.0)	('>10k+', 0.0)
ERR011070	(1.0, 4.537366548042705)	(2.0, 1.7912218268090154)	(3.0, 0.7651245551601423)	(4.0, 0.8303677342823249)	(5.0, 0.4744958481613286)	(6.0, 0.498220640569395)	(7.0, 0.33214709371293)	(8.0, 0.33214709371293)	(9.0, 0.3736654804270463)	('>10', 6.263345195729538)	('>50', 5.865954922894424)	('>100', 9.163701067615659)	('>500', 21.150652431791222)	('>1k', 47.62158956109134)	('>5k', 0.0)	('>10k+', 0.0)
ERR011071	(1.0, 6.313010081613058)	(2.0, 2.4483917426788286)	(3.0, 1.1521843494959194)	(4.0, 0.7681228996639462)	(5.0, 0.6801088174107857)	(6.0, 0.4320691310609697)	(7.0, 0.3360537686029765)	(8.0, 0.7041126580252841)	(9.0, 0.7921267402784445)	('>10', 12.738038086093775)	('>50', 8.073291726676269)	('>100', 30.908945431269004)	('>500', 11.801888302128342)	('>1k', 22.8516562650024)	('>5k', 0.0)	('>10k+', 0.0)
ERR011072	(1.0, 5.43963458943216)	(2.0, 2.076196408180214)	(3.0, 1.027717222049206)	(4.0, 0.8304785632720855)	(5.0, 0.7266687428630748)	(6.0, 0.3114294612270321)	(7.0, 0.6540018685767673)	(8.0, 0.24914356898162568)	(9.0, 0.4671441918405481)	('>10', 9.89307588497872)	('>50', 3.2181044326793313)	('>100', 13.837849060521126)	('>500', 5.688778158413786)	('>1k', 55.57977784698432)	('>5k', 0.0)	('>10k+', 0.0)
ERR011073	(1.0, 6.124417296254622)	(2.0, 2.068263408883888)	(3.0, 1.334190644590902)	(4.0, 0.857311257568451)	(5.0, 0.857311257568451)	(6.0, 0.6429834431763382)	(7.0, 0.6376252478165354)	(8.0, 0.30005894014895784)	(9.0, 0.19289503295290145)	('>10', 8.1766061190591)	('>50', 6.612013073996678)	('>100', 32.14917215881691)	('>500', 8.283770026255159)	('>1k', 31.763382092911108)	('>5k', 0.0)	('>10k+', 0.0)
ERR011074	(1.0, 5.029366763733281)	(2.0, 1.7274566901929818)	(3.0, 1.1845417304180446)	(4.0, 0.6317555895562904)	(5.0, 0.46888110162380925)	(6.0, 0.5626573219485712)	(7.0, 0.34549133803859633)	(8.0, 0.2763930704308771)	(9.0, 0.22210157445338335)	('>10', 5.779576526331375)	('>50', 7.408321405656186)	('>100', 18.217264695720843)	('>500', 33.1967819949657)	('>1k', 24.949410196930064)	('>5k', 0.0)	('>10k+', 0.0)
ERR011075	(1.0, 8.03090373081224)	(2.0, 2.399105418318593)	(3.0, 1.9213174748398902)	(4.0, 1.0165700925078784)	(5.0, 0.4574565416285453)	(6.0, 0.8539188777066178)	(7.0, 0.8539188777066178)	(8.0, 0.7319304666056725)	(9.0, 0.8234217749313815)	('>10', 13.96767307105825)	('>50', 6.089254854122192)	('>100', 24.570499135915423)	('>500', 14.069330080309037)	('>1k', 24.214699603537664)	('>5k', 0.0)	('>10k+', 0.0)
ERR011076	(1.0, 4.90901085999413)	(2.0, 2.127971822717934)	(3.0, 0.9245670678015849)	(4.0, 0.7631347226298797)	(5.0, 0.587026709715292)	(6.0, 0.39624302905782216)	(7.0, 0.2054593484003522)	(8.0, 0.4109186968007044)	(9.0, 0.0)	('>10', 6.083064279424714)	('>50', 5.077781039037276)	('>100', 8.871441150572352)	('>500', 10.65453478133255)	('>1k', 58.988846492515414)	('>5k', 0.0)	('>10k+', 0.0)
ERR011077	(1.0, 4.522332506203474)	(2.0, 1.6129032258064515)	(3.0, 1.098014888337469)	(4.0, 0.7196029776674938)	(5.0, 0.6513647642679901)	(6.0, 0.8188585607940446)	(7.0, 0.607940446650124)	(8.0, 0.34739454094292804)	(9.0, 0.3349875930521092)	('>10', 5.787841191066997)	('>50', 2.0471464019851116)	('>100', 21.61910669975186)	('>500', 18.939205955334987)	('>1k', 40.89330024813896)	('>5k', 0.0)	('>10k+', 0.0)
ERR011078	(1.0, 4.788927335640138)	(2.0, 1.5224913494809689)	(3.0, 0.9757785467128027)	(4.0, 0.4982698961937716)	(5.0, 0.4844290657439446)	(6.0, 0.4982698961937716)	(7.0, 0.4844290657439446)	(8.0, 0.11072664359861592)	(9.0, 0.31141868512110726)	('>10', 7.653979238754325)	('>50', 1.259515570934256)	('>100', 30.23529411764706)	('>500', 10.055363321799309)	('>1k', 41.121107266435985)	('>5k', 0.0)	('>10k+', 0.0)
ERR011079	(1.0, 5.181452985633554)	(2.0, 1.9473003336283787)	(3.0, 1.1438687274460406)	(4.0, 0.6264043031252128)	(5.0, 0.9532239395383674)	(6.0, 0.4902294546197317)	(7.0, 0.42895077279226523)	(8.0, 0.7625791516306938)	(9.0, 0.24511472730986586)	('>10', 7.047048410158643)	('>50', 2.437529788248111)	('>100', 19.418533396881596)	('>500', 3.6086334853952478)	('>1k', 55.709130523592286)	('>5k', 0.0)	('>10k+', 0.0)
ERR011080	(1.0, 4.790260685457192)	(2.0, 1.702615676414803)	(3.0, 0.899827974063782)	(4.0, 0.6704600591063473)	(5.0, 0.41903753694146706)	(6.0, 0.6351726875744342)	(7.0, 0.46314675135635835)	(8.0, 0.1764368576595651)	(9.0, 0.277888050813815)	('>10', 6.475232676106038)	('>50', 4.865246349962507)	('>100', 15.694058488818314)	('>500', 37.96038992545543)	('>1k', 24.970226280269948)	('>5k', 0.0)	('>10k+', 0.0)
ERR011081	(1.0, 7.2967590077856235)	(2.0, 2.1546261089987326)	(3.0, 1.4937533948940793)	(4.0, 0.9415172913271772)	(5.0, 0.6337135614702154)	(6.0, 0.48886474741988045)	(7.0, 0.5703422053231939)	(8.0, 0.3621220351258374)	(9.0, 0.8147745790331342)	('>10', 13.40756835053413)	('>50', 11.108093427485063)	('>100', 23.76425855513308)	('>500', 11.1352525801195)	('>1k', 25.828354155350354)	('>5k', 0.0)	('>10k+', 0.0)
ERR011082	(1.0, 5.601353933504394)	(2.0, 1.9763061636730905)	(3.0, 1.1137194955505814)	(4.0, 0.807992575203363)	(5.0, 0.46404978981274225)	(6.0, 0.5568597477752907)	(7.0, 0.5350221106076323)	(8.0, 0.43675274335316916)	(9.0, 0.24567341813615767)	('>10', 9.0025659223672)	('>50', 7.146366763116231)	('>100', 22.449091008352895)	('>500', 13.2609051700606)	('>1k', 36.403341158486654)	('>5k', 0.0)	('>10k+', 0.0)
ERR011083	(1.0, 6.585896241068655)	(2.0, 2.205653929791861)	(3.0, 1.30475302889096)	(4.0, 1.4290152221186705)	(5.0, 0.5824790307548928)	(6.0, 0.6989748369058714)	(7.0, 0.32618825722274)	(8.0, 0.6834420627524076)	(9.0, 0.3494874184529357)	('>10', 10.733146940043492)	('>50', 7.743087915501709)	('>100', 21.342031686859272)	('>500', 0.0)	('>1k', 46.01584342963653)	('>5k', 0.0)	('>10k+', 0.0)
ERR011084	(1.0, 6.624989851424861)	(2.0, 2.2732808313712756)	(3.0, 1.4370382398311277)	(4.0, 1.558821141511732)	(5.0, 0.933668912884631)	(6.0, 0.6819842494113827)	(7.0, 0.6251522286271007)	(8.0, 0.389705285377933)	(9.0, 0.43841844605017455)	('>10', 10.55451814565235)	('>50', 8.914508403020216)	('>100', 30.250872777462046)	('>500', 7.396281562068685)	('>1k', 27.920759925306488)	('>5k', 0.0)	('>10k+', 0.0)
ERR011085	(1.0, 5.597516813243663)	(2.0, 2.183135023279876)	(3.0, 1.3812726332126228)	(4.0, 0.6828763579927574)	(5.0, 0.6983962752198655)	(6.0, 0.6518365235385412)	(7.0, 0.28970512157268496)	(8.0, 0.37247801345059495)	(9.0, 0.46559751681324363)	('>10', 7.806518365235385)	('>50', 6.704604242110709)	('>100', 26.78737713398862)	('>500', 17.501293326435594)	('>1k', 28.877392653905847)	('>5k', 0.0)	('>10k+', 0.0)
ERR011086	(1.0, 8.175575948148623)	(2.0, 2.926265802477058)	(3.0, 1.4246294038375151)	(4.0, 1.07809792722839)	(5.0, 0.8342424436886351)	(6.0, 1.07809792722839)	(7.0, 0.539048963614195)	(8.0, 0.8214079445549638)	(9.0, 0.46204196881216714)	('>10', 9.888981582493743)	('>50', 6.924212282615672)	('>100', 23.570557658987358)	('>500', 7.585188987999743)	('>1k', 34.69165115831355)	('>5k', 0.0)	('>10k+', 0.0)
